Images	Registration Score	Mean ON	Mean OFF	Separation Metric	Num ON	Signal To Noise	Cut Off	Focus Score 1
A_Swath1_Channel1	0.9738041	3687.501	128.9115	6580	41092	0.7226894	680	0.7372501	0.7902961	0.8198588	0.8870181	0.7821571	0.7657518	0.7545165	0.7069138	0.6647536
A_Swath2_Channel1	0.9738041	3923.762	144.6793	7113	40538	0.7689013	763	0.8353993	0.9071956	0.8917519	0.8606081	0.7233495	0.7457672	0.7440805	0.7345871	0.7410135
A_Channel1	0	4180.108	151.1287	10944	65587	0.7835928	819	0.8353993	0.9071956	0.8917519	0.8606081	0.7233495	0.7457672	0.7440805	0.7345871	0.7410135
B_Swath1_Channel1	0.9705307	3000.916	134.1271	8389	45766	0.7139084	659	0.7194916	0.8238599	0.786014	0.7550109	0.76489	0.7731286	0.7574217	0.7579993	0.7424805
B_Swath2_Channel1	0.9705307	3200.303	147.9299	7757	45899	0.7388601	718	0.7224979	0.846216	0.7565906	0.7699308	0.4852453	0.7752815	0.7777263	0.7669443	0.7826625
B_Channel1	0	3356.374	155.6317	13560	74790	0.7540763	766	0.7224979	0.846216	0.7565906	0.7699308	0.4852453	0.7752815	0.7777263	0.7669443	0.7826625
C_Swath1_Channel1	0.9732319	3901.847	141.6537	6556	41644	0.7456388	755	0.7820535	0.897449	0.8469435	0.848666	0.8259464	0.7542825	0.8331364	0.7622902	0.7563772
C_Swath2_Channel1	0.9732319	4049.196	156.9298	6762	41580	0.7836556	822	0.732829	0.8912236	0.7456889	0.7443855	0.5101641	0.742437	0.754622	0.7721503	0.4991668
C_Channel1	0	4373.205	165.6935	11355	66818	0.8037804	900	0.732829	0.8912236	0.7456889	0.7443855	0.5101641	0.742437	0.754622	0.7721503	0.4991668
D_Swath1_Channel1	0.9729599	2741.474	123.9249	7541	45201	0.6481186	557	0.7298734	0.8045509	0.8680714	0.8449381	0.8495094	0.7721596	0.8828264	0.7445461	0.7612669
D_Swath2_Channel1	0.9729599	2667.672	137.1042	7992	47601	0.6689125	583	0.8329312	0.8970034	0.8619264	0.8559936	0.6864726	0.7934829	0.7932864	0.770355	0.8518919
D_Channel1	0	2931.222	143.7702	13088	75442	0.6842605	640	0.8329312	0.8970034	0.8619264	0.8559936	0.6864726	0.7934829	0.7932864	0.770355	0.8518919
E_Swath1_Channel1	0.9720246	4416.949	157.2012	7230	42058	0.796562	945	0.8246074	0.7960811	0.848915	0.8262886	0.7452095	0.7135212	0.8540686	0.8201362	0.7470138
E_Swath2_Channel1	0.9720246	4608.917	177.795	7769	43465	0.8166096	1030	0.7451371	0.7885193	0.8364514	0.844352	0.761799	0.7648678	0.8341125	0.86812	0.7408136
E_Channel1	0	4923.945	186.3427	11787	69208	0.844947	1113	0.7451371	0.7885193	0.8364514	0.844352	0.761799	0.7648678	0.8341125	0.86812	0.7408136
F_Swath1_Channel1	0.9719765	3314.309	149.3718	8166	47408	0.7222716	758	0.7449451	0.8645207	0.8754134	0.8495731	0.8862768	0.7887905	0.8781439	0.8667023	0.828815
F_Swath2_Channel1	0.9719765	3498.789	169.3148	8293	48234	0.7513636	834	0.7542214	0.7430189	0.8385323	0.8307271	0.7771239	0.851647	0.7604202	0.736276	0.7100869
F_Channel1	0	3726.916	177.2602	13907	76903	0.7700501	898	0.7542214	0.7430189	0.8385323	0.8307271	0.7771239	0.851647	0.7604202	0.736276	0.7100869
G_Swath1_Channel1	0.9705901	3972.775	141.8832	5956	39705	0.7585939	778	0.7888821	0.7611094	0.8362212	0.8331192	0.6640263	0.8139553	0.8353449	0.7545785	0.8250688
G_Swath2_Channel1	0.9705901	4082.637	154.7336	6097	39899	0.7886361	828	0.8640384	0.8908062	0.7449981	0.7375053	0.7360627	0.7589174	0.7454724	0.7552462	0.762597
G_Channel1	0	4379.818	163.6122	10041	64498	0.8088947	907	0.8640384	0.8908062	0.7449981	0.7375053	0.7360627	0.7589174	0.7454724	0.7552462	0.762597
H_Swath1_Channel1	0.9759234	4006.252	140.956	6118	40122	0.7435673	767	0.7690906	0.8880164	0.756355	0.77077	0.4730292	0.7413992	0.7538053	0.7650991	0.7687597
H_Swath2_Channel1	0.9759234	4152.32	156.7325	6117	40283	0.7820409	840	0.75749	0.9289568	0.7933978	0.7519227	0.7600119	0.486374	0.7556656	0.764474	0.7382745
H_Channel1	0	4449.908	165.0057	10137	65066	0.7993485	913	0.75749	0.9289568	0.7933978	0.7519227	0.7600119	0.486374	0.7556656	0.764474	0.7382745
I_Swath1_Channel1	0.972056	3265.759	151.7919	8334	49206	0.7594649	805	0.8008964	0.8936577	0.8295332	0.8275394	0.8291789	0.777178	0.7991732	0.7783338	0.750134
I_Swath2_Channel1	0.972056	3380.506	165.7264	8801	48432	0.8020231	857	0.7740724	0.8883591	0.8523225	0.8452154	0.7578806	0.7496616	0.7391105	0.7488199	0.7777646
I_Channel1	0	3589.191	176.056	14211	79482	0.810344	927	0.7740724	0.8883591	0.8523225	0.8452154	0.7578806	0.7496616	0.7391105	0.7488199	0.7777646
J_Swath1_Channel1	0.9732696	2783.147	129.1132	7568	47379	0.6790071	622	0.7343712	0.8293914	0.8525389	0.7878436	0.8472491	0.7363161	0.8373301	0.8302282	0.7435006
J_Swath2_Channel1	0.9732696	2782.218	136.9831	7644	48010	0.7090778	638	0.7564065	0.8981189	0.7685883	0.7517361	0.7572861	0.7649466	0.7546467	0.7547715	0.7601423
J_Channel1	0	3027.979	147.4159	12616	76913	0.7241437	717	0.7564065	0.8981189	0.7685883	0.7517361	0.7572861	0.7649466	0.7546467	0.7547715	0.7601423
K_Swath1_Channel1	0.9734616	3548.636	140.6517	6707	43550	0.7380069	756	0.8076574	0.8700297	0.8488558	0.846346	0.7521491	0.7714245	0.8606303	0.7411764	0.7547504
K_Swath2_Channel1	0.9734616	3531.063	154.6781	7864	44333	0.7672286	797	0.7558376	0.8823382	0.7425227	0.7347558	0.5098403	0.7721568	0.7567318	0.7529151	0.5251069
K_Channel1	0	3833.161	163.3947	11913	71642	0.7820803	873	0.7558376	0.8823382	0.7425227	0.7347558	0.5098403	0.7721568	0.7567318	0.7529151	0.5251069
L_Swath1_Channel1	0.9719552	2836.319	126.5986	7648	44259	0.6687949	615	0.7899306	0.6617958	0.8771683	0.8294258	0.6806739	0.7631838	0.8267186	0.8376718	0.6860494
L_Swath2_Channel1	0.9719552	2761.977	135.9574	7896	46873	0.684988	609	0.7029536	0.8476783	0.746069	0.7414182	0.7484837	0.7331782	0.6665095	0.7638168	0.7247168
L_Channel1	0	2994.846	144.748	13003	75516	0.6994368	676	0.7029536	0.8476783	0.746069	0.7414182	0.7484837	0.7331782	0.6665095	0.7638168	0.7247168
Images	Registration Score	Mean ON	Mean OFF	Separation Metric	Num ON	Signal To Noise	Cut Off	Focus Score 1
Serial Number: 200729890044   Descriptor: BeadChip 12x1   ScanSetting Name: Direct Hyb
Serial Number: 200729890044   ScanSetting Path: C:\Program Files (x86)\Illumina\iScan Control Software\Scan Settings\iScanPlus\Direct Hyb.scst
<?xml version="1.0"?>
<ScanSettings xmlns:xsi="http://www.w3.org/2001/XMLSchema-instance" xmlns:xsd="http://www.w3.org/2001/XMLSchema">
  <Version>16</Version>
  <Assay />
  <ScanSettingType>System</ScanSettingType>
  <ArrayType>BeadChip</ArrayType>
  <SaveImages>true</SaveImages>
  <ImageFormat>Jpeg</ImageFormat>
  <JpegQuality>5</JpegQuality>
  <EnableAnalysis>true</EnableAnalysis>
  <ExtractionMethod>Avg_6x6_PreSharp</ExtractionMethod>
  <BackgroundMethod>BOX_17x17</BackgroundMethod>
  <Channels>
    <string>Grn</string>
  </Channels>
  <RegistrationQuality>
    <CheckMinimum>true</CheckMinimum>
    <CheckMaximum>true</CheckMaximum>
    <Minimum>0.75</Minimum>
    <Maximum>100</Maximum>
  </RegistrationQuality>
  <Saturation>
    <CheckMinimum>true</CheckMinimum>
    <CheckMaximum>true</CheckMaximum>
    <Minimum>0</Minimum>
    <Maximum>1000</Maximum>
  </Saturation>
  <FocusQuality>
    <CheckMinimum>true</CheckMinimum>
    <CheckMaximum>true</CheckMaximum>
    <Minimum>-100</Minimum>
    <Maximum>100</Maximum>
  </FocusQuality>
  <Percentile05BeadIntensity>
    <CheckMinimum>true</CheckMinimum>
    <CheckMaximum>true</CheckMaximum>
    <Minimum>-1000</Minimum>
    <Maximum>50000</Maximum>
  </Percentile05BeadIntensity>
   <Percentile95BeadIntensity>
    <CheckMinimum>true</CheckMinimum>
    <CheckMaximum>true</CheckMaximum>
    <Minimum>-1000</Minimum>
    <Maximum>90000</Maximum>
  </Percentile95BeadIntensity>
  <ExportBeadData>false</ExportBeadData>
  <IncludeXYInBeadData>false</IncludeXYInBeadData>
  <ExportBeadTypeData>false</ExportBeadTypeData>
  <IncludeOutliers>false</IncludeOutliers>
  <Resolution>HighRes1x1</Resolution>
  <ScanVelocity>1.5</ScanVelocity>
  <PerformRegistrationRetry>false</PerformRegistrationRetry>
  <RegSupportDLL>RegSupport1.6.2.44</RegSupportDLL>
  <BeadSize>3</BeadSize>
  <OutlierRemovalLowRepHighVariance>false</OutlierRemovalLowRepHighVariance>
  <OutlierRemovalLowerMinBeadThreshold>false</OutlierRemovalLowerMinBeadThreshold>
  <CorrectCrossTalk>true</CorrectCrossTalk>
  <FixTapBoundaries>false</FixTapBoundaries>
</ScanSettings>

