TargetID	200729890044_A.AVG_Signal	200729890044_A.Detection Pval	200729890044_B.AVG_Signal	200729890044_B.Detection Pval	200729890044_C.AVG_Signal	200729890044_C.Detection Pval	200729890044_D.AVG_Signal	200729890044_D.Detection Pval	200729890044_E.AVG_Signal	200729890044_E.Detection Pval	200729890044_F.AVG_Signal	200729890044_F.Detection Pval	200729890044_G.AVG_Signal	200729890044_G.Detection Pval	200729890044_H.AVG_Signal	200729890044_H.Detection Pval	200729890044_I.AVG_Signal	200729890044_I.Detection Pval	200729890044_J.AVG_Signal	200729890044_J.Detection Pval	200729890044_K.AVG_Signal	200729890044_K.Detection Pval	200729890044_L.AVG_Signal	200729890044_L.Detection Pval	200796240064_A.AVG_Signal	200796240064_A.Detection Pval	200796240064_B.AVG_Signal	200796240064_B.Detection Pval	200796240064_C.AVG_Signal	200796240064_C.Detection Pval	200796240064_D.AVG_Signal	200796240064_D.Detection Pval	200796240064_E.AVG_Signal	200796240064_E.Detection Pval	200796240064_F.AVG_Signal	200796240064_F.Detection Pval	200796240064_G.AVG_Signal	200796240064_G.Detection Pval	200796240064_H.AVG_Signal	200796240064_H.Detection Pval	200796240064_I.AVG_Signal	200796240064_I.Detection Pval	200796240064_J.AVG_Signal	200796240064_J.Detection Pval	200796240064_K.AVG_Signal	200796240064_K.Detection Pval	200796240064_L.AVG_Signal	200796240064_L.Detection Pval
BIOTIN	21246,49	0,00	20485,93	0,00	21190,08	0,00	23436,16	0,00	27324,12	0,00	26243,19	0,00	26058,3	0,00	28745	0,00	23039,4	0,00	17710,56	0,00	24264,62	0,00	22574,31	0,00	23546,14	0,00	24867,41	0,00	26009,02	0,00	28450,77	0,00	25056,44	0,00	27885,86	0,00	28000,62	0,00	26077,19	0,00	28308,85	0,00	23067,51	0,00	24632,2	0,00	24789,54	0,00
CY3_HYB	12057,6	1,105258E-05	12368,61	1,105258E-05	12910,44	1,105258E-05	13380,15	1,105258E-05	13252,38	1,105258E-05	14511,17	1,105258E-05	14748,26	1,105258E-05	15200,54	1,105258E-05	13779,94	1,105258E-05	12092,48	1,105258E-05	14066,81	1,105258E-05	13020,46	1,105258E-05	14019,21	1,105258E-05	13422,77	1,105258E-05	14786,48	1,105258E-05	15861,83	1,105258E-05	13832,17	1,105258E-05	16400,86	1,105258E-05	15291,92	1,105258E-05	14684,07	1,105258E-05	15638,29	1,105258E-05	13350,17	1,105258E-05	14565,78	1,105258E-05	13456,42	1,105258E-05
ERCC-00002	100,5354	0,8233766	96,47583	0,9103896	103,0942	0,9116883	97,87002	0,8844156	99,19005	0,9597403	93,24261	0,9974026	99,68443	0,9558442	98,96985	0,9766234	100,4031	0,9805195	97,65725	0,912987	108,8012	0,7051948	107,4159	0,4584416	96,94116	0,9207792	104,3731	0,7909091	99,20109	0,9376624	114,827	0,6090909	104,424	0,8376623	102,0263	0,9961039	101,64	0,9545454	96,49144	0,9181818	115,0853	0,7584416	99,10246	0,8844156	107,9657	0,5051948	97,41389	0,951948
ERCC-00003	93,59646	0,9688312	102,6277	0,712987	105,2103	0,8662338	99,62814	0,8376623	100,1639	0,9493507	110,4451	0,6688312	109,734	0,6987013	111,9504	0,6415585	104,6075	0,8961039	107,1469	0,5415584	108,3169	0,7272727	98,84542	0,8714285	100,3062	0,8116883	98,31747	0,9376624	101,702	0,8753247	119,5983	0,4038961	100,44	0,9428571	122,676	0,425974	112,4713	0,6441559	97,36382	0,9012987	112,1225	0,8714285	105,0429	0,687013	110,4053	0,3961039	99,19501	0,9350649
ERCC-00004	91,58619	0,987013	96,29816	0,9142857	105,5121	0,8571429	92,0186	0,9883117	109,1277	0,7558442	110,1117	0,6818182	105,7249	0,8324676	101,4109	0,9415584	106,0821	0,8597403	100,0864	0,8350649	106,2795	0,8051948	94,84502	0,9584416	98,32927	0,8792208	95,79212	0,9753247	110,8566	0,4974026	104,1382	0,9506493	109,862	0,6402597	112,8961	0,8103896	115,9478	0,4883117	96,12803	0,9285714	110,0306	0,925974	93,17401	0,9831169	94,72911	0,9714286	102,518	0,8402597
ERCC-00009	100,0574	0,8363636	94,68257	0,9480519	106,9781	0,8064935	101,262	0,7883117	102,1919	0,9233766	99,47543	0,9558442	106,89	0,7896104	98,09444	0,9857143	112,9234	0,5896104	103,4292	0,7181818	100,4374	0,9571428	96,92719	0,9246753	102,6261	0,7337663	101,9631	0,8688312	103,65	0,8142857	103,2936	0,9571428	100,192	0,9506493	108,8081	0,9220779	104,6719	0,9116883	106,9651	0,4935065	116,6743	0,7064935	94,23488	0,9753247	92,375	0,9935065	99,85168	0,9220779
ERCC-00012	92,24067	0,9844156	91,42419	0,9883117	105,9166	0,8389611	96,35483	0,9324675	92,92847	0,9961039	97,79758	0,9766234	106,8616	0,7896104	94,60787	0,9974026	111,1228	0,6545454	98,72755	0,8818182	99,45471	0,9766234	99,02518	0,861039	98,65222	0,874026	103,419	0,8168831	101,0132	0,8935065	99,52943	0,9844156	104,9808	0,8207792	104,1569	0,9857143	108,1754	0,8155844	90,70568	0,9883117	119,0207	0,5909091	107,3021	0,5662338	107,3101	0,5324675	99,99921	0,9194805
ERCC-00013	91,57597	0,987013	96,81438	0,9012987	110,7522	0,674026	98,68607	0,8714285	104,5475	0,8805195	107,034	0,7909091	109,5004	0,7051948	109,7729	0,7155844	111,0568	0,6584415	105,7325	0,6090909	98,10188	0,9818182	101,9931	0,7506493	101,3019	0,7753247	96,37147	0,9727273	97,13726	0,9701298	107,8997	0,8714285	106,1353	0,7883117	113,2874	0,7987013	109,2373	0,7792208	100,0683	0,8285714	115,8695	0,738961	98,72615	0,8961039	105,2857	0,635065	106,3544	0,7077922
ERCC-00014	94,79236	0,9584416	99,04066	0,8350649	119,203	0,3324675	111,9929	0,3142857	107,9056	0,7831169	112,4694	0,5792208	119,7761	0,2922078	105,3568	0,8571429	105,9374	0,8636364	104,2379	0,6662338	109,9911	0,6623377	100,6176	0,8025974	111,5604	0,2896104	95,82041	0,9753247	109,2532	0,5714286	105,4208	0,9324675	108,1913	0,7090909	114,1043	0,7766234	108,0656	0,8168831	104,584	0,5974026	118,5255	0,6207792	99,55013	0,874026	94,03266	0,9753247	101,894	0,8662338
ERCC-00016	104,8391	0,6675324	103,907	0,6623377	110,1953	0,6922078	101,7072	0,7727273	111,5422	0,6753247	110,1147	0,6818182	116,1816	0,4428571	103,728	0,8922078	114,3867	0,5246753	110,8569	0,3662338	108,3498	0,7272727	108,0331	0,4324675	102,2659	0,7441558	112,2537	0,4597403	103,9818	0,8012987	120,4548	0,3701299	112,9892	0,4792208	121,9027	0,4610389	116,1536	0,4779221	101,1286	0,7714286	118,0715	0,6441559	112,0772	0,3402597	115,5324	0,2220779	103,0959	0,8168831
ERCC-00017	101,4524	0,7883117	96,73587	0,9064935	107,8709	0,7818182	101,973	0,7636364	109,8581	0,7363636	107,748	0,7688312	101,8435	0,9220779	97,2525	0,9922078	104,7667	0,8935065	94,21597	0,9766234	99,95004	0,9701298	94,67216	0,9623377	101,0088	0,7831169	102,1204	0,864935	98,49889	0,9467533	102,4901	0,9636363	112,1488	0,5168831	133,023	0,1	102,6445	0,9454545	95,25758	0,938961	107,8602	0,9558442	99,89986	0,864935	92,61906	0,9922078	106,2407	0,7116883
ERCC-00019	100,1363	0,8337662	98,5246	0,8506494	109,6413	0,7194805	104,031	0,6831169	103,3834	0,8987013	98,8945	0,9584416	95,75214	0,9844156	105,1043	0,8623376	106,8222	0,8376623	104,0476	0,6792208	106,7693	0,8	93,60232	0,9727273	99,48549	0,8415585	107,2519	0,7	100,4453	0,9038961	113,2496	0,674026	103,0698	0,8831169	110,3936	0,8857143	107,7569	0,8246753	108,0467	0,4532467	103,4672	0,9857143	104,3954	0,7064935	97,96649	0,9233766	108,7581	0,6077922
ERCC-00022	103,4369	0,7103896	100,5586	0,7792208	101,0264	0,9428571	98,87147	0,8662338	106,1807	0,8337662	107,6366	0,7714286	98,59593	0,9688312	101,3337	0,9428571	102,0776	0,9532468	95,27074	0,9623377	103,4633	0,8961039	98,77287	0,8753247	90,07137	0,9961039	96,4918	0,9714286	100,6406	0,9	103,3931	0,9558442	105,1921	0,812987	104,6294	0,9792208	105,3474	0,8987013	97,61107	0,8974026	109,8355	0,9272727	106,3404	0,6077922	102,9315	0,7324675	104,9268	0,761039
ERCC-00024	93,62964	0,9688312	90,908	0,9896104	100,2437	0,951948	97,69041	0,8909091	106,4188	0,8272727	98,55937	0,9623377	105,5879	0,8363636	98,50175	0,9805195	101,0865	0,9753247	103,2086	0,7298701	97,96375	0,9831169	101,0207	0,7857143	99,28063	0,8467532	98,56616	0,9376624	93,98782	0,9922078	99,47858	0,9844156	101,8693	0,9207792	97,85598	1	102,0986	0,951948	91,96859	0,9714286	109,3951	0,9363636	91,18108	0,9948052	87,73306	1	100,3031	0,9103896
ERCC-00025	94,85994	0,9571428	92,26206	0,9831169	97,93916	0,9779221	93,03658	0,9818182	105,5288	0,8558441	103,0174	0,8896104	99,955	0,9532468	89,60814	1	93,35316	1	98,59476	0,8844156	94,79639	0,9935065	103,2745	0,6818182	97,07189	0,9181818	109,2945	0,5805195	101,7262	0,874026	109,5478	0,8038961	96,53603	0,9883117	103,0056	0,9935065	110,5306	0,7142857	87,62317	0,9948052	100,8061	0,9987013	100,0987	0,8584415	101,1257	0,8142857	105,4531	0,7454545
ERCC-00028	117,4235	0,1662338	102,6393	0,712987	108,5069	0,7636364	99,65424	0,8376623	110,6585	0,7103896	116,096	0,448052	121,5979	0,2298701	119,9802	0,3363636	105,6363	0,8779221	99,43781	0,8558441	105,1749	0,8441558	102,0549	0,7493507	102,9459	0,7155844	117,0238	0,2818182	104,0368	0,8	107,4835	0,8805195	115,9014	0,3519481	117,3136	0,635065	120,5326	0,3090909	107,9555	0,4545455	120,6632	0,5194805	100,8873	0,8311688	102,3057	0,761039	108,1016	0,6363636
ERCC-00031	92,57067	0,9779221	93,61157	0,9714286	106,1674	0,8350649	93,40629	0,9779221	100,3804	0,9480519	98,23843	0,9675325	97,14889	0,9779221	107,6002	0,8038961	105,7742	0,8688312	100,7901	0,8207792	104,7747	0,851948	98,24575	0,8896104	92,1291	0,9883117	99,20199	0,9272727	105,579	0,7454545	102,3392	0,9662338	99,67583	0,9584416	105,299	0,9701298	104,636	0,912987	98,83463	0,8597403	108,2682	0,951948	101,5714	0,8142857	100,752	0,825974	109,0022	0,5909091
ERCC-00033	103,9731	0,6935065	94,20806	0,9571428	98,74494	0,9688312	93,76325	0,9779221	104,9658	0,8727273	99,98273	0,951948	109,5315	0,7051948	98,92885	0,9766234	103,405	0,9285714	102,473	0,7506493	97,78485	0,9844156	100,6795	0,8025974	92,5157	0,9883117	94,15326	0,9896104	100,0086	0,9194805	105,2526	0,9376624	103,066	0,8831169	110,1683	0,8935065	102,6354	0,9454545	100,2273	0,8194805	111,6804	0,8805195	94,58888	0,9727273	103,5135	0,7090909	105,7586	0,7298701
ERCC-00034	100,4533	0,825974	100,5441	0,7805195	114,9655	0,5012987	95,05624	0,9584416	108,7798	0,7649351	104,7289	0,8558441	106,519	0,7987013	112,3465	0,6233766	109,7634	0,7246753	102,3342	0,7623377	110,9064	0,625974	96,8093	0,9272727	100,5026	0,8051948	103,5657	0,8155844	105,923	0,7285714	111,1389	0,7545455	114,0046	0,4454545	110,8041	0,8779221	104,0883	0,9181818	96,6651	0,9155844	115,0228	0,761039	96,11177	0,9597403	109,6199	0,4337662	103,2174	0,8116883
ERCC-00035	103,82	0,6974026	102,5061	0,7168831	106,8399	0,812987	102,7233	0,725974	105,8819	0,8454546	105,9155	0,825974	125,618	0,1402597	102,0159	0,9285714	107,54	0,8038961	111,7579	0,325974	104,2475	0,8727273	118,0574	0,1103896	109,9236	0,3688312	107,5109	0,6883117	108,9052	0,5844156	106,8232	0,8974026	109,491	0,6558442	117,9697	0,6025974	119,0887	0,3545454	106,2487	0,5233766	119,1949	0,5831169	102,8308	0,7597402	108,087	0,5012987	99,78378	0,9233766
ERCC-00039	95,51113	0,9480519	101,7097	0,7454545	107,622	0,787013	94,76743	0,9623377	106,597	0,8207792	94,24437	0,9961039	104,8117	0,861039	105,4261	0,8532467	109,172	0,7467533	99,51867	0,8532467	102,8446	0,9116883	94,47504	0,9636363	93,48135	0,9792208	108,2665	0,6376624	101,1092	0,8909091	106,5373	0,9012987	96,89086	0,987013	115,6189	0,7194805	107,3835	0,8337662	97,36965	0,9012987	109,4256	0,9363636	98,3366	0,9038961	99,94707	0,8571429	94,95989	0,9883117
ERCC-00040	97,34038	0,8987013	98,1562	0,8584415	106,9043	0,8090909	98,74702	0,8675325	110,2725	0,7246753	110,8427	0,6571429	120,0015	0,2857143	109,3582	0,725974	124,0375	0,1714286	115,7441	0,1753247	111,9552	0,5714286	111,3262	0,2935065	103,4109	0,6987013	120,0636	0,1818182	102,266	0,861039	121,0055	0,3454545	113,03	0,4792208	122,083	0,451948	106,878	0,8467532	115,012	0,1727273	119,7323	0,5558441	105,2398	0,6805195	104,9196	0,6545454	104,8831	0,7623377
ERCC-00041	102,2047	0,7688312	99,84832	0,8064935	110,823	0,6714286	95,79359	0,9454545	101,9986	0,925974	106,2974	0,812987	103,5294	0,8896104	95,85991	0,9948052	106,6637	0,8415585	107,4874	0,5233766	108,2003	0,7324675	94,96465	0,9558442	100,8711	0,7896104	101,4341	0,8883117	112,2306	0,4285714	107,9154	0,8701299	110,4986	0,6090909	117,1771	0,6428571	111,2994	0,6844156	102,7931	0,6857143	107,9301	0,9558442	107,0745	0,574026	93,68403	0,9779221	103,562	0,8025974
ERCC-00042	91,52242	0,987013	107,1271	0,525974	107,6284	0,787013	93,70665	0,9779221	107,5406	0,7896104	107,6406	0,7714286	105,3007	0,8415585	110,5314	0,6922078	104,4883	0,9012987	109,4216	0,4233766	100,9038	0,9441559	101,336	0,7766234	98,47227	0,8766234	101,3215	0,8935065	98,13066	0,9545454	109,6782	0,7987013	108,9672	0,6714286	109,6335	0,9012987	114,0853	0,5714286	86,45947	0,9987013	109,9581	0,925974	96,02544	0,9597403	97,12855	0,9350649	105,2269	0,7532467
ERCC-00043	91,61107	0,987013	92,77949	0,9779221	102,9298	0,9155844	94,19183	0,9714286	99,75134	0,951948	94,85436	0,9948052	105,3815	0,8389611	108,6048	0,7519481	106,2489	0,8545455	101,9189	0,774026	100,3144	0,9623377	95,12778	0,9545454	95,48958	0,9558442	110,8359	0,5155844	104,8618	0,774026	99,2048	0,987013	101,384	0,9246753	112,6193	0,8181818	105,0254	0,9064935	89,38543	0,9922078	103,7265	0,9857143	102,64	0,7714286	93,96008	0,9766234	94,40572	0,9922078
ERCC-00044	100,1121	0,8363636	92,38592	0,9818182	102,173	0,9246753	103,147	0,712987	116,4188	0,4675325	105,0066	0,8506494	103,8145	0,8883117	118,9716	0,3792208	108,633	0,7649351	104,4771	0,6545454	103,2308	0,9025974	103,6365	0,6649351	100,7866	0,7948052	101,1399	0,9	113,1201	0,3909091	111,0602	0,7545455	101,9797	0,9142857	101,7574	0,9987013	113,707	0,587013	104,0782	0,6207792	106,5976	0,9610389	99,56551	0,8727273	99,69354	0,8636364	101,3246	0,8831169
ERCC-00046	103,4486	0,7103896	93,92303	0,9623377	110,1612	0,6935065	92,95013	0,9818182	95,79287	0,9909091	100,9911	0,938961	102,4314	0,9103896	100,8113	0,9506493	100,0998	0,9818182	106,3752	0,5766234	99,62346	0,9753247	91,036	0,9935065	93,22602	0,9818182	99,90433	0,9181818	94,98104	0,9896104	105,5783	0,925974	103,4491	0,8662338	110,9845	0,8688312	97,14358	0,9909091	94,85081	0,9428571	116,5063	0,7194805	99,01597	0,8857143	99,2542	0,8779221	111,3494	0,4961039
ERCC-00048	93,85088	0,9662338	98,4985	0,8506494	104,6572	0,8805195	98,62037	0,8714285	112,2407	0,6467533	123,1435	0,2142857	101,2355	0,9363636	108,2276	0,7675325	100,3932	0,9805195	102,2424	0,7636364	108,2772	0,7285714	101,679	0,7649351	100,5288	0,8025974	106,2852	0,7272727	102,5707	0,8506494	114,6671	0,6142857	110,3565	0,6194805	113,8295	0,7857143	108,8668	0,7935065	97,24672	0,9051948	109,1765	0,9363636	95,88953	0,9623377	100,0967	0,8506494	101,8145	0,8701299
ERCC-00051	104,082	0,6922078	112,9574	0,2805195	117,9516	0,3818182	104,0774	0,6792208	126,3069	0,1558442	99,79776	0,9532468	126,4713	0,125974	129,5714	0,1064935	112,6288	0,5987013	111,9289	0,3181818	116,5455	0,3662338	120,4247	0,07792208	107,9024	0,4766234	117,1255	0,2766234	107,5039	0,6545454	132,033	0,09350649	110,9706	0,587013	116,024	0,7038961	120,279	0,3181818	104,9265	0,587013	122,3415	0,451948	110,5569	0,4051948	118,0326	0,1402597	113,4593	0,3922078
ERCC-00053	99,7115	0,8506494	93,65366	0,9688312	107,2903	0,7974026	99,3972	0,8493506	106,2431	0,8311688	96,98167	0,9831169	102,5272	0,9077922	116,8588	0,4584416	105,3537	0,8844156	104,0284	0,6844156	106,6421	0,8012987	102,7692	0,7051948	98,06796	0,8896104	111,1675	0,5038961	105,1282	0,7675325	117,801	0,474026	104,8359	0,8272727	123,8692	0,3753247	109,9694	0,7415584	100,0019	0,8298701	122,004	0,4636364	100,7686	0,8337662	105,3058	0,635065	102,9645	0,8220779
ERCC-00054	95,71922	0,9428571	98,78015	0,8402597	98,44092	0,974026	100,0049	0,8311688	95,62493	0,9909091	102,4106	0,9064935	96,47051	0,9805195	105,1673	0,8623376	111,0797	0,6571429	99,84068	0,8441558	104,9215	0,8493506	99,14864	0,8571429	95,40541	0,9558442	103,9371	0,8064935	111,2296	0,4805195	97,22133	0,9948052	104,0435	0,8532467	114,0497	0,7792208	99,59247	0,9792208	106,0922	0,5311688	109,7042	0,9285714	97,56615	0,9285714	102,9838	0,7311688	108,2082	0,6337662
ERCC-00057	99,62612	0,8545455	101,0901	0,7662337	100,8047	0,9467533	98,80912	0,8675325	114,5768	0,5467532	103,9905	0,8727273	98,83955	0,9662338	97,19995	0,9935065	101,3982	0,9688312	103,7645	0,6987013	106,8104	0,8	101,3852	0,7766234	99,48572	0,8415585	105,5276	0,7571428	107,684	0,6532468	109,7333	0,7987013	102,1039	0,912987	110,231	0,8922078	104,5254	0,9142857	93,80276	0,9532468	108,5123	0,9493507	103,0113	0,7519481	98,32287	0,9051948	101,7692	0,8701299
ERCC-00058	104,9833	0,6558442	109,7654	0,4233766	113,6772	0,5558441	108,4198	0,4597403	110,3708	0,7155844	122,5279	0,2324675	118,7781	0,3272727	116,4596	0,474026	128,047	0,0987013	108,0268	0,5064935	117,2304	0,3337662	109,3105	0,3701299	117,9705	0,1155844	105,002	0,7714286	116,0367	0,2701299	113,7672	0,651948	112,3013	0,5090909	135,5698	0,07142857	125,1659	0,1714286	106,0639	0,5324675	128,1678	0,2363636	105,0156	0,687013	119,0311	0,1181818	112,4095	0,4415585
ERCC-00059	96,70023	0,9207792	95,13559	0,9350649	109,0544	0,7402598	103,4559	0,7038961	105,4316	0,8584415	109,7389	0,7025974	100,4843	0,9480519	108,6724	0,7467533	105,7139	0,8727273	99,07952	0,8714285	114,6629	0,4402598	105,7531	0,5428572	101,5501	0,7701299	109,5048	0,5753247	97,60216	0,9649351	111,1307	0,7545455	94,05779	0,9948052	112,8703	0,812987	111,1557	0,6909091	93,02309	0,9571428	110,9472	0,9	99,25565	0,8831169	106,9171	0,5519481	107,3764	0,6701299
ERCC-00060	99,94593	0,8389611	94,73003	0,9467533	112,4189	0,5961039	99,28162	0,8506494	128,4352	0,1194805	112,0109	0,6077922	109,162	0,7181818	116,4176	0,4766234	111,6014	0,6376624	115,4926	0,1922078	108,7365	0,7090909	107,1046	0,4766234	104,4927	0,6454545	107,1053	0,7038961	109,4864	0,5597402	123,5836	0,2649351	118,3367	0,2467532	119,1516	0,5571429	115,5302	0,5103896	101,5915	0,7506493	124,231	0,3662338	114,8662	0,2337662	101,1779	0,8142857	101,7031	0,8714285
ERCC-00061	97,81598	0,8896104	92,7729	0,9779221	98,07351	0,9779221	114,6487	0,2168831	103,1471	0,9038961	110,9706	0,6532468	95,21593	0,9883117	102,7676	0,9155844	100,1767	0,9818182	100,5436	0,825974	104,9352	0,848052	104,4997	0,6207792	97,12595	0,9168831	110,0183	0,5545455	97,09129	0,9701298	114,4618	0,6207792	117,2204	0,2792208	123,9983	0,3662338	106,7888	0,848052	94,28924	0,9480519	107,2539	0,9610389	96,31708	0,9558442	90,75465	0,9961039	101,1405	0,8883117
ERCC-00062	99,71173	0,8506494	99,07127	0,8324676	102,3289	0,9220779	101,7389	0,7714286	112,1805	0,6493506	105,508	0,8363636	101,7788	0,9220779	102,6847	0,9168831	103,4775	0,9285714	98,4504	0,887013	104,9331	0,848052	98,7042	0,8753247	102,6169	0,7337663	103,028	0,8311688	107,9641	0,6363636	96,89468	0,9961039	111,9626	0,5298702	105,4202	0,9688312	110,689	0,7077922	96,25211	0,9246753	108,4925	0,9493507	105,7447	0,6532468	103,2259	0,7207792	106,1157	0,7194805
ERCC-00067	98,93416	0,8662338	101,6404	0,7454545	95,64361	0,9922078	100,7636	0,8051948	115,6652	0,5038961	104,4302	0,8636364	113,6599	0,5311688	114,1304	0,5701299	114,7962	0,512987	112,3374	0,3	104,8327	0,8506494	101,2037	0,7818182	98,43324	0,8779221	105,1063	0,7649351	96,95342	0,9714286	104,0052	0,951948	101,4108	0,9246753	113,9123	0,7818182	114,1687	0,5636364	93,12062	0,9571428	114,7907	0,7727273	109,5944	0,4506494	99,08706	0,8818182	94,86266	0,9896104
ERCC-00069	98,1741	0,8857143	93,88255	0,9623377	103,5365	0,8974026	90,31847	0,9974026	103,951	0,8896104	103,4367	0,8818182	101,9054	0,9194805	110,4345	0,6948052	111,8292	0,6311688	99,20616	0,8688312	98,62984	0,9818182	99,99503	0,8285714	99,31746	0,8467532	107,7537	0,6688312	96,74872	0,9727273	109,0632	0,8220779	110,3157	0,6194805	116,2173	0,6922078	101,0007	0,9662338	97,71154	0,8935065	106,2575	0,9636363	94,60201	0,9727273	94,90044	0,9701298	98,16924	0,9454545
ERCC-00071	103,5704	0,7064935	95,72937	0,9233766	107,1082	0,8025974	103,952	0,687013	109,3657	0,7480519	102,3922	0,9077922	109,038	0,7220779	101,6788	0,9350649	112,9701	0,5896104	102,8548	0,7428572	109,2836	0,6922078	102,7576	0,7051948	104,1531	0,6597403	103,6917	0,8142857	102,6449	0,8467532	114,8686	0,6077922	101,7228	0,9233766	124,7364	0,3350649	112,073	0,6545454	99,10621	0,8558441	111,6544	0,8818182	106,1501	0,6233766	102,3901	0,7558442	100,1028	0,9142857
ERCC-00073	96,97108	0,9077922	104,8476	0,6285715	101,2634	0,938961	91,30331	0,9909091	110,0117	0,7350649	107,8172	0,7662337	112,0585	0,6	104,4737	0,8779221	104,4709	0,9012987	107,2359	0,5376623	106,9484	0,7909091	107,4113	0,4584416	101,3644	0,7727273	104,0106	0,8038961	124,2093	0,09220779	117,8903	0,4714286	107,8479	0,7285714	114,0887	0,7779221	118,0498	0,3987013	100,4361	0,8116883	106,2454	0,9636363	101,9343	0,8051948	102,1113	0,7688312	110,1343	0,548052
ERCC-00074	96,30952	0,9311689	97,22426	0,8883117	106,4624	0,8246753	93,62885	0,9779221	111,7621	0,6662338	106,2274	0,8155844	101,0392	0,9402598	110,7026	0,6844156	111,872	0,6272727	98,29218	0,8896104	108,4828	0,7220779	106,2727	0,5207792	92,05254	0,9883117	106,156	0,7311688	107,4294	0,6584415	110,9429	0,7571428	111,3832	0,5649351	104,3071	0,9805195	104,3704	0,9142857	105,5015	0,5571429	110,8691	0,9051948	96,72133	0,9454545	110,1589	0,4090909	104,3452	0,7844156
ERCC-00075	88,13865	0,9961039	87,71987	0,9987013	90,04823	0,9987013	97,17464	0,9103896	102,7348	0,9168831	97,87981	0,9753247	105,2274	0,8441558	95,76834	0,9961039	102,8741	0,9428571	102,7715	0,7454545	103,6856	0,8909091	93,49819	0,9727273	100,2232	0,8142857	110,6338	0,525974	103,8009	0,8077922	109,4206	0,8103896	103,1785	0,8727273	112,0184	0,8376623	105,786	0,8805195	102,4184	0,7038961	104,2482	0,9831169	99,52111	0,874026	99,21384	0,8792208	104,6527	0,7727273
ERCC-00076	94,13515	0,9649351	98,49678	0,8506494	100,9566	0,9428571	102,3066	0,7467533	112,7839	0,6337662	103,0896	0,887013	114,3919	0,5064935	108,7934	0,7441558	102,7812	0,9428571	102,5712	0,7493507	110,062	0,6623377	99,4856	0,848052	104,0127	0,6688312	105,6632	0,7506493	97,91726	0,9584416	112,1071	0,7194805	108,0541	0,7142857	113,5874	0,7922078	103,7735	0,9246753	95,29654	0,938961	111,1474	0,8948052	104,092	0,712987	93,5504	0,9792208	111,2284	0,4974026
ERCC-00077	97,11074	0,9038961	95,22764	0,9337662	104,0406	0,8896104	91,7967	0,9883117	102,6634	0,9194805	109,0749	0,7324675	108,665	0,738961	104,1686	0,8844156	102,9364	0,9402598	111,719	0,3285714	117,9269	0,3103896	98,79444	0,8753247	91,5556	0,9896104	99,29549	0,925974	98,56174	0,9467533	106,3031	0,9064935	104,1198	0,848052	113,6901	0,7896104	101,942	0,951948	90,49784	0,9883117	107,6599	0,9571428	101,6438	0,812987	98,35299	0,9051948	98,39637	0,9415584
ERCC-00078	94,9543	0,9571428	95,69371	0,9233766	95,23153	0,9922078	87,81409	0,9974026	106,1027	0,8350649	104,9359	0,851948	97,88416	0,9753247	96,55262	0,9948052	104,0821	0,9103896	92,80244	0,9883117	99,25056	0,9779221	101,5975	0,7649351	91,67488	0,9896104	100,7304	0,9103896	105,0904	0,7688312	98,01408	0,9935065	103,8722	0,8571429	117,4693	0,6298701	104,0519	0,9181818	93,21044	0,9558442	112,3528	0,8584415	96,38528	0,9558442	101,8116	0,7831169	97,6757	0,9480519
ERCC-00079	92,37372	0,9831169	96,01605	0,9181818	96,68829	0,9831169	108,1974	0,4714286	106,0061	0,8389611	109,2109	0,7233766	105,9994	0,8168831	106,691	0,8246753	98,71648	0,9896104	108,6573	0,4688312	91,76147	0,9987013	101,6318	0,7649351	104,649	0,638961	98,64622	0,9350649	103,0351	0,8324676	107,7604	0,874026	107,0594	0,7597402	113,0874	0,8051948	105,4713	0,8909091	92,19992	0,9675325	113,2543	0,8194805	100,8496	0,8337662	96,9165	0,9402598	107,6011	0,6610389
ERCC-00081	101,4301	0,7896104	99,56535	0,8155844	100,9548	0,9428571	103,0896	0,7155844	104,9134	0,874026	101,3733	0,9324675	103,719	0,8883117	91,26539	0,9987013	111,0833	0,6571429	105,2311	0,6285715	100,611	0,9545454	97,33496	0,9103896	95,43816	0,9558442	101,8256	0,8766234	107,0311	0,6818182	105,832	0,9207792	111,4703	0,5597402	113,7225	0,7896104	102,9751	0,9428571	97,01185	0,9077922	103,6791	0,9857143	98,11444	0,9077922	103,8954	0,6948052	105,6666	0,7363636
ERCC-00083	97,40368	0,8961039	95,6703	0,9246753	102,1954	0,9246753	100,2639	0,8220779	100,8889	0,9441559	103,7626	0,8727273	103,9332	0,8883117	108,0362	0,7766234	110,5477	0,6896104	107,2674	0,5350649	106,6333	0,8012987	94,76331	0,9623377	104,3899	0,6506494	99,8932	0,9181818	101,2032	0,8857143	96,6003	0,9987013	101,8259	0,9233766	118,9269	0,5662338	109,5907	0,7649351	99,15533	0,8558441	109,837	0,925974	102,0399	0,7974026	93,57471	0,9792208	96,30496	0,9753247
ERCC-00084	91,27901	0,987013	103,5477	0,674026	101,7457	0,9324675	99,29608	0,8506494	104,1654	0,8857143	110,0375	0,6883117	99,35592	0,9584416	105,1504	0,8623376	113,4126	0,5584416	101,2798	0,8025974	109,4198	0,6831169	100,8198	0,7948052	100,8796	0,7896104	98,57098	0,9376624	110,4402	0,5142857	110,7192	0,7636364	109,8077	0,6428571	121,41	0,4805195	105,7704	0,8805195	95,25153	0,938961	111,0989	0,8961039	100,6773	0,8350649	98,32684	0,9051948	97,62663	0,9480519
ERCC-00085	100,2967	0,8311688	95,869	0,9233766	107,6508	0,787013	102,929	0,7181818	106,8273	0,812987	114,3755	0,5103896	98,20352	0,9714286	113,2599	0,6025974	107,978	0,787013	97,60552	0,9155844	107,2015	0,7792208	103,9808	0,6467533	100,9158	0,787013	101,6819	0,8857143	108,3207	0,6194805	107,9389	0,8688312	100,2244	0,9493507	106,6427	0,9610389	101,6552	0,9545454	96,66233	0,9168831	121,5608	0,4831169	100,5625	0,8402597	99,3234	0,8753247	98,2447	0,9454545
ERCC-00086	94,31532	0,9623377	90,80743	0,9896104	101,2009	0,9415584	99,08812	0,8584415	97,22225	0,9831169	112,5882	0,5766234	119,4416	0,3038961	100,9047	0,9506493	105,3764	0,8844156	99,84142	0,8441558	107,2358	0,7792208	98,32069	0,8896104	112,0263	0,2662338	113,8493	0,387013	102,0618	0,864935	109,8531	0,7935065	111,987	0,5285714	115,6673	0,7168831	102,2603	0,9506493	96,03082	0,9311689	117,3413	0,6727273	96,5444	0,9532468	98,44613	0,9025974	103,0564	0,8181818
ERCC-00092	100,8115	0,8168831	104,0184	0,6610389	102,7004	0,9168831	98,54045	0,8727273	106,4091	0,8272727	95,18617	0,9935065	99,0098	0,9649351	104,924	0,8675325	101,2131	0,9727273	95,02237	0,9662338	107,7964	0,7558442	98,68757	0,8766234	92,46618	0,9883117	102,4152	0,8545455	102,9848	0,8363636	114,4371	0,6207792	107,105	0,7584416	103,9253	0,9883117	115,647	0,5064935	97,88802	0,8857143	102,0399	0,9909091	106,1833	0,6207792	100,8548	0,8246753	96,54661	0,974026
ERCC-00095	96,08317	0,938961	97,56516	0,8714285	101,0915	0,9415584	96,71748	0,9285714	99,75179	0,951948	100,182	0,9493507	105,7586	0,8298701	107,9855	0,7805195	113,027	0,5883117	97,27216	0,9220779	98,17747	0,9818182	102,6191	0,7116883	97,7736	0,8974026	92,26485	0,9987013	109,0337	0,5766234	115,759	0,5662338	105,4644	0,8012987	103,2922	0,9935065	110,8913	0,7	102,5269	0,6961039	111,9749	0,8753247	93,26962	0,9818182	100,0802	0,8506494	94,08252	0,9935065
ERCC-00096	100,3381	0,8298701	104,2873	0,6545454	108,7251	0,7545455	106,3958	0,5662338	113,7055	0,5857143	114,0443	0,5181818	114,1385	0,5155844	114,304	0,5597402	116,0803	0,4506494	104,1233	0,6714286	107,757	0,7571428	107,7305	0,4493507	106,4176	0,5441558	108,3577	0,6324675	104,4077	0,7896104	111,124	0,7545455	112,3623	0,5051948	115,4523	0,7233766	97,96734	0,9896104	102,3336	0,7077922	117,6804	0,6545454	101,0576	0,8272727	112,044	0,3324675	103,7365	0,8
ERCC-00097	99,00065	0,864935	104,2326	0,6558442	99,8987	0,9571428	108,0302	0,4805195	107,9465	0,7818182	96,49866	0,9857143	104,8782	0,8597403	104,415	0,8779221	114,5097	0,5194805	95,6805	0,9545454	103,3351	0,9012987	96,34961	0,9376624	112,5502	0,2402597	109,7316	0,5688311	109,831	0,5376623	114,329	0,6233766	102,4928	0,9025974	119,1874	0,5545455	117,2834	0,4363636	98,99503	0,8571429	120,0564	0,5454546	105,36	0,6688312	102,4723	0,7532467	101,498	0,8779221
ERCC-00098	91,54044	0,987013	92,98043	0,9753247	109,6816	0,7181818	88,4886	0,9974026	103,4336	0,8987013	111,5519	0,6246753	108,9481	0,7285714	102,6364	0,9168831	103,6793	0,9246753	94,88679	0,9701298	101,4797	0,9311689	101,2627	0,7792208	96,1909	0,9415584	94,19563	0,9883117	97,77035	0,9623377	101,8361	0,9688312	97,55164	0,9792208	115,1891	0,7402598	108,937	0,7909091	91,44558	0,9805195	108,9663	0,9402598	115,699	0,2155844	95,63102	0,9571428	96,24282	0,9753247
ERCC-00099	94,92152	0,9571428	113,3438	0,2623377	110,5962	0,6779221	111,0963	0,3441558	116,234	0,474026	118,2163	0,3649351	111,6915	0,6103896	117,9589	0,4168831	108,7647	0,7584416	111,1719	0,3519481	112,5981	0,5441558	99,68179	0,8402597	107,5517	0,4987013	101,6366	0,8883117	107,7154	0,6506494	121,8586	0,3168831	117,1206	0,2844156	116,7435	0,6714286	114,067	0,5714286	102,4792	0,6974026	126,7703	0,2714286	108,804	0,5025974	112,4731	0,3155844	106,1094	0,7194805
ERCC-00104	102,0805	0,7714286	104,3648	0,6506494	113,1496	0,5714286	104,6269	0,6558442	99,49979	0,9558442	106,0899	0,8207792	93,1676	0,9961039	113,1092	0,6064935	103,7159	0,9233766	99,35474	0,861039	104,7426	0,8532467	99,12752	0,8584415	92,44068	0,9883117	107,4313	0,6935065	100,4361	0,9038961	104,9892	0,9415584	113,0754	0,4779221	107,8022	0,9441559	99,16879	0,9818182	91,28836	0,9844156	106,85	0,9610389	96,89678	0,938961	94,6726	0,9714286	102,7497	0,8311688
ERCC-00108	95,58215	0,9467533	92,95245	0,9766234	94,5667	0,9935065	97,50865	0,8961039	99,61098	0,951948	97,31198	0,9779221	103,1182	0,8987013	107,0045	0,8155844	112,0036	0,6246753	98,91409	0,8727273	104,8046	0,8506494	96,10621	0,9415584	95,07451	0,9597403	101,21	0,8987013	97,61012	0,9649351	108,6607	0,8363636	96,94089	0,9857143	110,2381	0,8909091	102,5224	0,9467533	97,98785	0,8844156	122,4659	0,448052	96,5101	0,9532468	113,5932	0,2805195	100,6212	0,9025974
ERCC-00109	86,75606	0,9974026	98,38181	0,851948	100,9521	0,9428571	98,12788	0,8792208	102,102	0,9246753	96,79488	0,9844156	101,0437	0,9402598	108,4067	0,761039	100,2806	0,9805195	99,5066	0,8532467	103,2155	0,9025974	96,12238	0,9402598	97,73328	0,9	103,2621	0,8207792	95,36154	0,9818182	113,3353	0,6714286	98,13486	0,9753247	101,3185	1	103,9376	0,9220779	98,04038	0,8818182	112,8978	0,8350649	103,6315	0,725974	96,16644	0,9506493	107,9829	0,6415585
ERCC-00111	95,78579	0,9428571	105,8608	0,5727273	107,6007	0,787013	96,05337	0,9376624	96,10203	0,9909091	93,98183	0,9961039	116,5993	0,4220779	106,8719	0,8220779	106,0368	0,861039	103,2783	0,725974	110,4575	0,6467533	103,6868	0,6597403	109,1822	0,3974026	103,143	0,8298701	108,5798	0,6025974	107,7138	0,874026	107,6015	0,738961	108,3343	0,925974	110,3391	0,7272727	96,85641	0,9116883	121,2887	0,4922078	113,6688	0,287013	108,3117	0,4922078	105,0484	0,761039
ERCC-00112	106,0102	0,6103896	98,00057	0,8636364	104,8365	0,8792208	95,35957	0,9558442	110,4133	0,7142857	107,5166	0,7727273	106,0254	0,8155844	107,459	0,8064935	109,6909	0,7272727	104,4059	0,6558442	104,8958	0,8493506	98,66634	0,8766234	108,0002	0,4701299	102,5541	0,8506494	111,5558	0,4688312	105,7118	0,9220779	108,4396	0,7012987	118,7242	0,5766234	109,5148	0,7675325	104,1034	0,6207792	117,0556	0,687013	111,676	0,3597403	109,4453	0,4402598	104,5495	0,7779221
ERCC-00113	97,03497	0,9051948	91,03851	0,9883117	105,6151	0,851948	94,03999	0,9727273	109,5389	0,7415584	101,5593	0,925974	90,74612	0,9987013	101,6875	0,9350649	104,26	0,9038961	97,44067	0,9168831	105,9244	0,8194805	95,55259	0,9467533	93,93812	0,974026	94,10257	0,9896104	90,08298	1	107,5782	0,8792208	112,4976	0,4987013	104,2008	0,9857143	101,916	0,951948	94,63701	0,9467533	105,5732	0,9727273	92,324	0,9883117	99,64129	0,8636364	93,25126	0,9961039
ERCC-00116	116,7861	0,1779221	101,5235	0,7519481	115,0136	0,5	103,9051	0,6883117	103,9429	0,8909091	115,6647	0,4649351	101,1876	0,9376624	117,6936	0,4272727	106,3436	0,8506494	99,48913	0,8545455	111,1559	0,6155844	106,2855	0,5194805	103,5059	0,6922078	99,51865	0,9233766	111,8844	0,4506494	103,826	0,9558442	99,40963	0,9610389	109,6055	0,9038961	109,1813	0,7831169	94,74582	0,9441559	113,8896	0,8	98,04035	0,9103896	100,0247	0,8506494	106,2692	0,7103896
ERCC-00117	97,65287	0,8922078	112,0384	0,325974	105,4847	0,8571429	104,6488	0,6532468	104,0784	0,8883117	113,0637	0,5558441	99,78573	0,9558442	102,1156	0,9272727	102,2428	0,9506493	97,72174	0,9090909	107,6258	0,7597402	95,97066	0,9428571	103,7813	0,6766234	96,15415	0,974026	102,6275	0,848052	104,3169	0,9493507	106,1227	0,7883117	108,2607	0,9285714	99,99155	0,9792208	96,76221	0,9155844	110,5089	0,9155844	100,3705	0,848052	95,08629	0,9675325	105,7632	0,7298701
ERCC-00120	97,33128	0,8987013	97,59293	0,8701299	116,7806	0,4246753	99,7585	0,8350649	104,3033	0,8844156	99,25578	0,9571428	109,2308	0,7142857	103,9982	0,887013	99,75607	0,9844156	97,24364	0,9233766	102,475	0,9181818	101,0315	0,7857143	100,3834	0,8090909	107,6587	0,6753247	101,5786	0,8753247	105,3285	0,9350649	99,01018	0,9623377	104,0246	0,9883117	109,0134	0,7883117	89,04821	0,9922078	106,7326	0,9610389	111,8772	0,3532467	90,31071	0,9961039	99,37395	0,9324675
ERCC-00123	97,15156	0,9038961	98,16592	0,8584415	108,0008	0,7753247	102,8564	0,7194805	95,43153	0,9922078	98,57278	0,9623377	103,5114	0,8896104	102,5983	0,9168831	104,0229	0,9142857	100,6929	0,8220779	104,0817	0,8779221	99,73783	0,8363636	94,91318	0,9610389	94,11154	0,9896104	104,7179	0,7792208	108,1579	0,8571429	97,53143	0,9792208	118,0295	0,6012987	114,7569	0,5493507	102,0715	0,7272727	99,75146	1	91,5258	0,9935065	99,26038	0,8766234	102,4979	0,8415585
ERCC-00126	110,5331	0,4168831	118,1494	0,1337662	110,4601	0,6818182	122,6637	0,04675325	119,2359	0,3792208	153,8763	0,001298701	130,6869	0,07012987	117,5763	0,4311688	127,1232	0,1103896	107,0362	0,5441558	117,7882	0,3142857	118,9367	0,1	119,1753	0,09350649	106,8709	0,7103896	124,652	0,08441558	130,662	0,1090909	123,1645	0,1402597	130,6305	0,1480519	127,3445	0,1194805	116,6869	0,1207792	133,1919	0,1181818	129,3083	0,01948052	106,6091	0,5584416	115,9567	0,3051948
ERCC-00130	106,9013	0,5779221	100,8961	0,7662337	128,6357	0,09740259	94,19888	0,9701298	136,0648	0,04155844	109,2188	0,7233766	105,7596	0,8298701	104,3126	0,8805195	117,5258	0,3987013	94,50307	0,974026	115,6852	0,4051948	104,9483	0,5896104	95,44267	0,9558442	107,2314	0,7	105,2254	0,761039	106,8212	0,8974026	106,8526	0,7662337	110,6151	0,8844156	109,6864	0,761039	101,5693	0,7532467	114,4717	0,7792208	109,2501	0,4805195	100,5427	0,8363636	99,31678	0,9337662
ERCC-00131	100,5131	0,8233766	98,61188	0,8454546	105,8975	0,8402597	102,4658	0,7402598	117,4277	0,425974	109,0881	0,7311688	105,5253	0,8363636	109,1083	0,7350649	115,1432	0,4909091	99,55741	0,8506494	112,471	0,5532467	92,38042	0,9844156	102,9162	0,7168831	104,3724	0,7909091	102,1438	0,864935	102,9668	0,9584416	109,5405	0,651948	107,904	0,9415584	104,0268	0,9181818	104,9779	0,587013	112,6674	0,848052	104,3404	0,7090909	99,59697	0,864935	99,57696	0,9272727
ERCC-00134	105,2113	0,6441559	106,826	0,5285714	104,7121	0,8805195	96,68784	0,9285714	102,8904	0,912987	125,1702	0,1714286	103,5412	0,8896104	100,4424	0,9623377	111,0175	0,6610389	102,0305	0,774026	110,4104	0,6493506	99,28548	0,8545455	105,4978	0,6	106,5429	0,7207792	104,5116	0,7844156	113,4372	0,6662338	112,4076	0,5012987	124,9014	0,3298701	110,7055	0,7077922	94,02329	0,9480519	110,3269	0,9194805	108,4128	0,5194805	107,7771	0,5142857	103,8406	0,7987013
ERCC-00136	110,9228	0,3935065	97,88718	0,864935	98,52182	0,9714286	100,7108	0,8051948	99,49643	0,9558442	104,6183	0,8584415	108,3533	0,7480519	108,2885	0,7623377	106,1184	0,8571429	111,7975	0,3233766	109,6883	0,6688312	102,2463	0,7376623	100,95	0,7831169	115,4268	0,325974	111,8581	0,451948	127,9299	0,1584416	108,3281	0,7077922	118,0021	0,6025974	112,698	0,6311688	110,0958	0,3480519	118,0791	0,6441559	109,6835	0,4428571	112,6474	0,3077922	105,1059	0,7597402
ERCC-00137	106,4233	0,5961039	121,9075	0,06493507	111,4456	0,6376624	100,4367	0,8168831	119,0405	0,3844156	112,2226	0,6	119,034	0,3155844	107,9341	0,7844156	125,2387	0,138961	109,6988	0,4090909	116,6065	0,3662338	118,9931	0,0987013	110,559	0,3311688	114,3534	0,374026	116,7503	0,2480519	120,8739	0,3480519	106,0684	0,7883117	122,2395	0,4467532	129,5055	0,08701298	109,3362	0,3766234	130,2381	0,1844156	109,2883	0,4805195	117,03	0,1701299	108,8911	0,5987013
ERCC-00138	102,4176	0,7571428	107,9859	0,4922078	101,6054	0,9337662	96,90525	0,9233766	107,8719	0,7844156	108,9026	0,7415584	103,7425	0,8883117	107,5038	0,8064935	103,9111	0,9168831	112,1663	0,3064935	115,1888	0,4207792	91,9788	0,9896104	98,87182	0,8584415	101,8017	0,8779221	96,50417	0,9727273	106,2759	0,9077922	101,8915	0,9207792	110,8574	0,8753247	107,5718	0,8298701	103,6585	0,6467533	110,1606	0,9233766	98,74238	0,8961039	97,58667	0,925974	103,0436	0,8194805
ERCC-00142	96,17917	0,9337662	100,5756	0,7792208	102,0673	0,9246753	93,95042	0,974026	104,1406	0,8857143	102,4597	0,9064935	97,1476	0,9779221	100,4348	0,9623377	96,40899	0,9922078	94,85212	0,9701298	102,7981	0,9116883	97,83368	0,8961039	98,5118	0,8766234	97,44236	0,9571428	101,0031	0,8961039	109,7022	0,7987013	106,6074	0,7714286	112,7792	0,8142857	106,7686	0,848052	93,38671	0,9532468	111,3955	0,8844156	103,0982	0,7506493	98,38387	0,9025974	93,37328	0,9948052
ERCC-00143	95,98959	0,9428571	99,79497	0,8064935	108,3982	0,7662337	98,71526	0,8688312	101,9693	0,9285714	108,86	0,7415584	112,6179	0,5649351	102,7281	0,9168831	104,0254	0,9142857	94,36857	0,9753247	100,5529	0,9558442	103,1507	0,6857143	102,4671	0,7376623	108,4344	0,6272727	100,1616	0,912987	111,3668	0,7441558	116,2349	0,3298701	112,938	0,8103896	111,2077	0,6883117	101,2995	0,7649351	118,1036	0,6441559	109,2468	0,4805195	94,1348	0,9753247	104,4847	0,7792208
ERCC-00144	105,5037	0,625974	104,683	0,6376624	112,8473	0,5844156	112,8845	0,2831169	119,1211	0,3844156	118,077	0,3727273	110,689	0,6558442	124,7823	0,1883117	118,0096	0,3766234	107,0797	0,5428572	114,2056	0,4610389	98,47688	0,8844156	101,4284	0,7714286	107,3158	0,6974026	118,9194	0,1831169	120,6297	0,3623376	113,4891	0,4649351	123,5798	0,3909091	119,8913	0,3298701	102,2183	0,7207792	119,3888	0,574026	106,6205	0,5922078	104,8304	0,6584415	121,5917	0,1324675
ERCC-00145	101,4301	0,7896104	90,63305	0,9909091	108,8305	0,7506493	111,1239	0,3441558	105,1691	0,8675325	103,836	0,8727273	107,2687	0,7766234	102,2856	0,9207792	106,7095	0,8415585	95,45164	0,9597403	104,3188	0,8675325	99,23899	0,8545455	107,9553	0,4727273	97,27564	0,9584416	102,1477	0,864935	113,2276	0,6753247	105,6157	0,7961039	115,4237	0,7246753	107,307	0,8376623	93,97607	0,9506493	115,0057	0,7623377	96,73351	0,9454545	91,49274	0,9935065	92,96954	0,9961039
ERCC-00147	99,57325	0,8545455	95,85428	0,9233766	91,4511	0,9987013	100,2468	0,8233766	101,4085	0,938961	107,7567	0,7688312	95,92918	0,9805195	112,0347	0,6376624	104,0806	0,9103896	93,6955	0,9792208	95,88548	0,9909091	90,47318	0,9961039	107,5418	0,4987013	103,0267	0,8311688	106,8557	0,687013	99,06606	0,9883117	101,3701	0,925974	103,5906	0,9896104	108,0704	0,8168831	103,5489	0,6545454	111,3179	0,8857143	99,41961	0,8805195	96,51631	0,9428571	96,85628	0,9623377
ERCC-00148	92,34544	0,9844156	89,39678	0,9935065	97,6121	0,9792208	100,5827	0,8090909	103,4794	0,8987013	98,86491	0,9584416	110,9415	0,648052	99,66307	0,9714286	105,6632	0,8753247	94,21852	0,9766234	98,41118	0,9818182	91,02641	0,9935065	103,0168	0,7116883	101,5932	0,8883117	108,2693	0,6233766	107,0125	0,8935065	104,531	0,8350649	102,8315	0,9948052	104,3719	0,9142857	98,97575	0,8584415	103,9196	0,9831169	97,08028	0,9376624	97,75673	0,925974	114,5046	0,3480519
ERCC-00150	104,9755	0,6558442	92,69427	0,9805195	108,352	0,7701299	95,34634	0,9558442	122,5086	0,2675325	106,8813	0,7935065	110,7058	0,6545454	103,5883	0,8935065	122,3697	0,2142857	100,3316	0,8311688	107,3894	0,7714286	109,5785	0,3519481	96,28188	0,9363636	106,9472	0,7090909	106,6674	0,6935065	107,4524	0,8805195	114,0236	0,4428571	121,8089	0,4610389	110,2786	0,7285714	106,6029	0,5103896	110,5775	0,912987	101,1388	0,8246753	102,4804	0,7532467	114,0829	0,3584416
ERCC-00154	99,18113	0,8636364	101,4103	0,7558442	106,7523	0,8155844	105,7692	0,6025974	107,0331	0,8064935	103,5946	0,8766234	108,0303	0,7558442	103,7052	0,8922078	100,6933	0,9779221	108,3179	0,4896104	115,9518	0,3909091	101,1131	0,7857143	102,9232	0,7155844	104,4971	0,7883117	106,1518	0,7168831	110,4062	0,774026	104,9262	0,8246753	108,8384	0,9207792	102,8936	0,9441559	97,04908	0,9064935	107,7532	0,9558442	100,6623	0,8350649	91,9931	0,9935065	103,4968	0,8077922
ERCC-00156	111,0364	0,3909091	95,52402	0,9272727	109,8557	0,7064935	94,78144	0,9610389	111,6078	0,674026	95,63715	0,9909091	105,244	0,8441558	96,96928	0,9935065	102,0913	0,951948	102,7395	0,7467533	107,5779	0,7597402	100,2648	0,8116883	113,4938	0,2142857	99,75301	0,9194805	96,96078	0,9714286	108,531	0,8415585	106,1079	0,7883117	111,6142	0,8493506	110,6542	0,7077922	100,9198	0,7818182	110,4116	0,9168831	111,1907	0,3675325	101,2457	0,8077922	99,25662	0,9337662
ERCC-00157	107,3831	0,548052	108,098	0,4831169	112,5184	0,5935065	126,9596	0,02467532	123,3583	0,2428571	111,9364	0,6090909	124,1079	0,1662338	119,2584	0,3636364	119,943	0,2987013	116,755	0,1467533	115,5	0,4077922	109,6874	0,3480519	120,0831	0,08311688	131,9492	0,02077922	111,0006	0,4935065	120,8283	0,3545454	121,9632	0,1571429	135,7608	0,07142857	112,6109	0,635065	104,7222	0,5922078	132,9263	0,1233766	108,4509	0,5194805	113,9847	0,2623377	117,8976	0,225974
ERCC-00158	93,95756	0,9662338	87,00024	0,9987013	105,2487	0,8662338	94,80419	0,9610389	106,5159	0,8246753	118,1951	0,3649351	99,16629	0,9597403	109,5507	0,7207792	96,61854	0,9922078	97,22729	0,9246753	107,2349	0,7792208	96,15539	0,9402598	101,2067	0,7792208	100,2166	0,9181818	98,55767	0,9467533	102,6468	0,9597403	91,64476	0,9987013	113,2891	0,7987013	106,2164	0,8675325	99,99205	0,8324676	107,6906	0,9571428	99,01105	0,8857143	104,4332	0,674026	102,3697	0,848052
ERCC-00160	102,8418	0,7272727	108,9573	0,4701299	108,0071	0,7753247	98,27358	0,8753247	105,0395	0,8714285	112,6255	0,574026	109,4972	0,7051948	120,143	0,325974	101,9352	0,9545454	99,62163	0,8506494	107,5568	0,761039	107,0262	0,4818182	109,1587	0,3974026	99,4571	0,9233766	108,3157	0,6194805	108,2119	0,8532467	111,3481	0,5662338	113,4827	0,7935065	111,8231	0,6636364	102,0659	0,7272727	118,9989	0,5909091	105,0078	0,687013	110,0785	0,4142857	95,17849	0,9844156
ERCC-00162	103,768	0,7	99,6977	0,8103896	102,2203	0,9233766	97,62049	0,8922078	109,2796	0,7519481	103,7693	0,8727273	111,8376	0,6064935	111,9417	0,6415585	109,1103	0,7467533	97,89532	0,9051948	109,5132	0,6766234	109,3544	0,3675325	95,1636	0,9584416	103,792	0,8103896	103,4834	0,8168831	114,8622	0,6077922	102,6024	0,8974026	116,4765	0,6844156	108,7394	0,7974026	102,3988	0,7051948	114,4627	0,7792208	103,1991	0,7467533	104,0651	0,6857143	109,3817	0,5779221
ERCC-00163	96,27763	0,9311689	100,7217	0,7714286	106,0847	0,8350649	109,9518	0,3909091	109,9848	0,7350649	101,3044	0,9350649	115,3011	0,474026	109,2042	0,7311688	112,0844	0,6220779	106,4125	0,5766234	104,1239	0,8766234	117,3018	0,1246753	106,4227	0,5441558	100,961	0,9025974	111,4989	0,4714286	100,2201	0,9766234	120,1848	0,1922078	128,382	0,2051948	107,9856	0,8168831	93,98985	0,9506493	125,4383	0,3194805	112,918	0,3142857	112,1006	0,3298701	100,3282	0,9103896
ERCC-00164	103,4217	0,7116883	107,7768	0,4961039	108,3888	0,7662337	104,6162	0,6558442	110,1756	0,7285714	104,276	0,8688312	110,1984	0,6753247	107,9945	0,7805195	115,4191	0,4805195	113,098	0,2766234	116,3713	0,3766234	103,8403	0,6493506	108,3495	0,4454545	108,0902	0,6493506	101,7559	0,874026	116,8622	0,5116883	112,0421	0,5233766	114,3707	0,7688312	106,5446	0,8571429	96,65923	0,9168831	125,8943	0,2987013	116,9594	0,1779221	105,0476	0,6506494	113,0877	0,4064935
ERCC-00165	99,66646	0,8545455	99,09889	0,8298701	102,8872	0,9155844	103,5508	0,7025974	105,7474	0,848052	108,8898	0,7415584	107,6815	0,7636364	106,375	0,8337662	98,15005	0,9896104	99,39318	0,8597403	108,2301	0,7324675	97,5451	0,9090909	101,0017	0,7831169	107,6969	0,6727273	97,01053	0,9714286	100,2996	0,9766234	106,1801	0,7857143	105,9295	0,9675325	103,2985	0,9337662	99,49182	0,8467532	112,0251	0,8727273	94,54665	0,9727273	99,12308	0,8818182	101,5181	0,8779221
ERCC-00168	95,55728	0,9467533	95,48716	0,9272727	101,2491	0,938961	95,2526	0,9558442	117,7485	0,4155844	100,7765	0,9415584	104,0534	0,887013	109,309	0,725974	103,4578	0,9285714	98,96092	0,8714285	102,8394	0,9116883	101,9509	0,7506493	100,8077	0,7922078	100,0889	0,9181818	108,5466	0,6064935	104,3126	0,9493507	105,9678	0,7896104	113,4098	0,7948052	97,19405	0,9909091	102,553	0,6948052	112,0491	0,8727273	103,5896	0,7285714	104,5217	0,6675324	98,49221	0,9415584
ERCC-00170	93,21048	0,974026	110,8541	0,3779221	108,1856	0,774026	105,6425	0,612987	110,9253	0,6974026	111,7527	0,6116883	110,7139	0,6532468	108,691	0,7467533	119,7165	0,3051948	111,191	0,3493507	126,1146	0,0961039	105,2605	0,5727273	104,4533	0,6454545	106,2294	0,7298701	106,882	0,687013	123,9441	0,2545455	117,212	0,2818182	121,3044	0,4857143	107,8338	0,8220779	102,6822	0,6896104	119,3971	0,5727273	104,5957	0,6987013	112,7103	0,3077922	108,1305	0,6363636
ERCC-00171	108,074	0,5285714	102,0613	0,7298701	103,8111	0,8922078	104,9753	0,635065	102,7524	0,9155844	113,4751	0,5363637	125,7861	0,1376623	111,4943	0,6623377	123,492	0,1883117	113,1455	0,274026	119,5151	0,2493507	103,4107	0,6766234	114,3764	0,1896104	118,1954	0,2454545	107,2126	0,6714286	121,2078	0,3415585	122,8574	0,1454545	117,8076	0,6077922	121,5087	0,2714286	117,7687	0,0987013	122,7881	0,4337662	102,279	0,7922078	107,0688	0,5454546	117,2315	0,2558441
HOUSEKEEPING	12622,93	2,298749E-06	8207,683	2,298749E-06	13540,01	2,298749E-06	10451,29	2,298749E-06	10970,87	2,298749E-06	10175,55	2,298749E-06	14250,38	2,298749E-06	14827,25	2,298749E-06	12011,35	2,298749E-06	11204,64	2,298749E-06	13739,03	2,298749E-06	10727,54	2,298749E-06	9408,041	2,298749E-06	8983,521	2,298749E-06	13543,67	2,298749E-06	14747,7	2,298749E-06	11642,67	2,298749E-06	13642,24	2,298749E-06	13188,69	2,298749E-06	12666,34	2,298749E-06	10630,8	2,298749E-06	9467,433	2,298749E-06	12702,29	2,298749E-06	12426,68	2,298749E-06
LABELING	102,7973	0,8367347	101,9398	0,8568528	107,4296	0,9131042	106,9645	0,5579558	107,7369	0,8851737	110,2249	0,7866343	109,6254	0,7991702	110,2566	0,8160828	110,3322	0,8097276	104,7827	0,755	108,5276	0,8389534	107,8811	0,3853736	109,1019	0,3411165	104,0006	0,8254132	102,877	0,947293	113,6925	0,7568148	109,7717	0,7383631	111,9266	0,9380663	120,9421	0,1942992	106,0543	0,5832273	113,7593	0,9235951	106,7246	0,6810381	99,78081	0,9620982	104,5751	0,8943195
LOW_STRINGENCY_HYB	13218,65	4,823677E-07	13387,5	4,823677E-07	14847,9	4,823677E-07	14890,58	4,823677E-07	15716,21	4,823677E-07	16498,52	4,823677E-07	16337,86	4,823677E-07	17313,63	4,823677E-07	14769,85	4,823677E-07	13053,64	4,823677E-07	15643,3	4,823677E-07	15151,58	4,823677E-07	14609,89	4,823677E-07	14107,91	4,823677E-07	15393,41	4,823677E-07	16608,95	4,823677E-07	14505,07	4,823677E-07	16831,57	4,823677E-07	16014,98	4,823677E-07	15244,02	4,823677E-07	16532,49	4,823677E-07	13899	4,823677E-07	15327,85	4,823677E-07	15081,17	4,823677E-07
NEGATIVE	109,1692	0,5248854	108,2057	0,5248854	115,8014	0,5248854	108,4064	0,5248854	116,4629	0,5248854	115,5098	0,5248854	115,4756	0,5248854	116,3476	0,5248854	115,7334	0,5248854	108,4644	0,5248854	114,1655	0,5248854	107,6092	0,5248854	107,8312	0,5248854	111,9132	0,5248854	111,5596	0,5248854	118,2097	0,5248854	113,3783	0,5248854	121,3821	0,52495	116,4636	0,5248854	107,3964	0,5248854	122,0232	0,5248854	109,245	0,5248854	108,8781	0,5248854	111,7043	0,52495
