    5270161     4230037       60372     5260356     6060692     6370471     1710435     1400612     5130189 
  103.76796   103.57040   100.05740    99.71150   105.50370    93.59646   102.41765    91.27901   101.45241 
      70278     2320315     2750053       70477     2710279     1070725     6590497      780445      290433 
   99.62612   102.20465   111.03642    88.13865    94.92152   103.43686    93.21048   117.42350   101.43007 
    7570685     6550369     5960474     4560477     5870615      380170     2970682     6560370     1340064 
   91.52242   110.92277    86.75606   103.97311    97.65287    99.18113    94.79236   100.29674    95.58215 
    4120470     6040278     6350242     5570400     7330465     1820564     5550681     1440767     3890619 
   94.85994    95.51113    96.17917   104.98330    96.97108   103.42171   102.84180    96.27763   100.33807 
    5360059      240370     2320427     1660692     4730551     4890220      450059     1980026     1300039 
   96.70023    94.95430    91.61107   107.38309   100.11209    92.34544    99.94593    95.78579    92.57067 
    1430162      360634     4010240     4050220      940086     3710431     6250202     5260497     1010100 
   95.55728   102.08046   106.90132    99.57325    91.54044    96.30952    93.95756   100.45333    91.57597 
    6760035     2970424     6220286     7320692     4780255      540228     1980008      670687     2030731 
   99.71173    98.17410   116.78606   104.97548    99.66646    97.33128   103.44860   105.21135   103.81995 
    2680349      780201     6900164     6400259     2320487      290369     4050528       20678     4780739 
  101.43005    96.08317    97.11074    97.03497    94.13515   104.08203    92.37372   100.81154   106.42326 
    1450040     4590193      430220     4890520     1450220     4880307      540114     7510242     2070379 
  104.83907   106.01022   100.53540   108.07401   100.51310   100.13634    99.00065    95.98959    94.31532 
    3870280     6350025     6940240     6940193     5570482     1820215     1990497     2370458     5890475 
   92.24067    97.34038    91.58619    93.62964   110.53309    95.71922    93.85088    97.81598    98.93416 
     510202       70474     1710221     5900364     2480717     1300239      830703     3800152     4480719 
   97.15156    97.40368    99.31542   147.09013  1569.50110   252.22133   101.56922    98.58426   124.94438 
    6020725     3870215     2710020      870110     7510243     4180259     7150059     5960523     5870441 
  100.44405   110.08233   275.51520   299.03372   103.41077   116.07752   143.37271   112.30150   121.47973 
    4920296     4200639     5340180     6110274     2570463     1190064     5420450     6020544     4150010 
  108.76601   107.61150    95.60895    90.37283   319.35413   105.21118    91.74075   114.47674    99.93717 
    1400546      830441     4230026      450240     3360368     3130152     2100176     4230136     4260551 
  166.15959   181.58183   101.14697   118.63610   107.33453   118.40481   106.96460   120.75947   117.37301 
    5560538     6650692     6650189     5080746     6660333     6180280      630754     7320189     1500307 
  113.42146   478.40955   603.45203   260.34518   141.93869   112.74621    93.76449   115.10781   155.16588 
    2480719     2630356     6420520     2640750     6840070      650553     4250544     7320187     4760255 
  662.54742   640.19177   235.35847   108.49239   109.52907   431.15411   255.50957  1075.54602  1385.55408 
    4760674     7610500     4730168     5050598     5420112     5810343     3310608     6940338     5270020 
  102.61637   113.56393   475.56052   200.10294   120.20260   101.53886   103.00513   121.18246    99.70270 
    6960706      540717     1030609       50475     3710717     4900209     2650040     3310056     1430450 
  120.49386   667.57294   120.18933   224.78075   100.88522   356.21405   226.64281   241.78468   135.92241 
    6520037     5570068     1570184     5130397      520431     6100152     4560520     6510553     5960196 
  116.02997   109.71175   102.99903   124.00203  1641.91467   112.94087   125.63174   279.91354   126.77441 
    4850010     6270445      290685     4920193     1260634     5890528     5860608     3140332     5870546 
  110.83286   107.25342   106.37190 18417.47656   114.19031 12521.48242  3597.79810   125.20000   125.10721 
     770639     7100544     6860427     4010491     6380242     2000360     6250326     5890162     1980014 
  163.48842   133.98778   110.48794   311.16904   106.97889   128.84924    97.84726   107.36349    98.67580 
      20717      940221     1240482     4060280     4260491     3190482     3520092     3290037     7210050 
   99.36465   114.26212   783.61475   134.96150   123.54898   105.39178   394.60452   381.92300   112.81561 
    3800577      240040      450762     6860039     1300619     4070397     6350128     1780253     5220601 
  134.53133    97.93302   716.44141   103.92733   112.13577   111.79863   118.88372   100.24654   111.90688 
    2490022     5390575     1580040     4850717     5420039     4220309     1340026     6330523     4070703 
  105.56232   156.32607   112.30833   103.77021   108.50708   102.45174   224.67029   104.19214   104.24729 
     770605     5360538     7320707     5690639     4670441     7160433     3710041      780678       10286 
  161.61755   111.88937   213.71925   121.12254   126.71329   440.70782   103.54142   592.08038   860.54956 
    1260537     1770142     6560703     4920482      510128      780026     2340333     6860053     3170619 
  113.47989   104.63196   103.11161   118.50395   115.16526   111.35511   104.33307   113.35488   109.75227 
    2360066      580368     1770349     4900082     1440400      520608     6900440     3120014     3180619 
  102.31358   101.06803   116.06791   198.91031   103.95294   117.65228   683.57562   134.99078   162.67729 
    3610048     4180762     7100575     5560450     2900224     2850433     5360689     2320343     1170170 
   92.35092   102.59148   100.76617   112.00362   123.68069  1004.23499   101.80968   135.14729   122.64368 
    2510253     2680370     2260392     5390601     4290167     4610068     2030754     1190093     3610601 
  101.57336    90.83749   111.23033   104.34026   117.26599   147.56067   316.52893    93.36674   107.76541 
    2810327     4540626     1260646     6380167      990162     2340605     4850128     4050131     2760139 
  264.13028   166.35120   594.38562    93.91727   106.08583   111.48968    98.12457    95.70320   124.47640 
    4120403     4830601     5360398     4640082     4390202      160537     1740242     2600707      770465 
  896.45593   115.68273   188.68127   107.66113   122.95291   535.29181   279.62863   120.82609   118.89967 
    4280040     1660326      110376     4230746     4610008     4490037     5700603      130717     5820156 
  124.16483   116.67775   110.46242   106.22119   106.69099   113.09209   118.41419  1693.22034   110.49677 
     160300     7550392      130392     3390603     2000672     6650731     2100168     7510707     5090291 
  110.34518   136.33012   112.98653  5692.18945   115.42418   144.95334   155.78629   255.97412   281.50296 
    2970528     1470703     2360603     1190082     7150017     6650592      630053     5890309     6840441 
   92.58206   116.39130   108.47972   128.55498  3843.95532   140.62032   124.48022   104.41715   109.43866 
    6380541     3420615     3420433     2690528     1470167     6900575     1990324     3060379     4560066 
  108.34710    98.70802    97.78545   301.92236   118.69161   105.19247   105.80324   175.01622   110.71948 
     580463     2190129     6200639     5360050     6420484     3520288     6290187     4150730     2600270 
  115.35065    95.04646   118.92857   122.79486   106.50266   232.47357   107.43206   110.67538   121.34899 
    4010369     3360204     2570612     6860592      110427     7160239     6370008     5090129     1410398 
  100.35725   109.83537   110.39074   119.61073   341.99634   105.43633   106.62506   109.44634   137.12881 
    2060112     7160326     6420170     1450731      150379     2140743     6330711     6760519     3460553 
  150.20515   105.31860   100.48248    99.61740   102.26654   103.09166   110.02181   112.75047  5950.35791 
    6180601     6200615     7200402     1440445     5270554     1170184     7050324     6760382     1260543 
  110.78439  1165.57568   665.17291   106.71957    97.47304   121.37064   115.34601    99.47802   451.31241 
    4250768     3390661     7380324     5860142     4640128     3930132     1240703     4480368     7560114 
  247.63110   101.99627    96.49825   140.60292   103.65555   354.75421   112.56155  1079.34338   373.79337 
    2470167      160612     3830327      540564       10639     7210736     4880440     6980338     6860138 
  110.46004   124.07146   124.84577   141.97392   615.69623   102.44093   105.57807   107.93382    96.69304 
    6200113     4180711     6280392     2190349     7040202      110072      840364      870176     2970703 
  146.80272   102.25551   101.79272   105.19481   106.72997   110.81364   106.57078   466.16882   126.11987 
    3130095      510114      110079     5420452      110131     4540438     2360121      430612     7100392 
  100.26908   596.74615   127.09573   112.93893    98.35279    97.35076   161.07536   110.50822   209.65373 
    4060273     4120243     4250022      520630     2120164     6620390     6450288     2350201     6110379 
  114.18723    99.09425   126.42863   293.80472  4658.63232   106.46356   105.95340   109.61751   117.93790 
      20674      450431     5560209     4890482     5390243     2470681     7320370     4150176     6060673 
  111.68188   107.48154   100.66287    95.06709   116.55244   120.46581   118.84086   125.05183   119.42802 
    6250204     2640102     1500309     6980167      130241      150021     2230674     6280136     6510377 
  116.84716   114.76153   140.60594   116.65453   170.98416   255.76956   107.60394   102.44951   219.62943 
    1050347     2350400     2680315     7050059     6180445     3840114     4730356     3180707     7050064 
  100.77020    97.45901   114.24564   103.22958   261.01263   101.75494 17729.82031   108.78780   148.37860 
     380327     2600646      830189     6200390     5270296      990100     3060762     5960328     5550242 
  241.96954   230.95923   303.87064   344.23563   207.85289   163.72961    96.53655   110.62624   124.38698 
    5310328     6110040     3420520     5860110     1190240     4060142     2260390     5340086     1450619 
   92.17108   102.08693   112.31092   209.01549   112.92133   109.90816   107.23087   106.97514    94.80863 
    6660672      450626     4060722     7570484     1780278     4900594     7050601     6110070     2640041 
  123.88962    93.48918  1057.80103   110.78482   158.09651    99.30088   110.10561    98.41674   114.67155 
    2970113     3370240     4860152     5860669     4210563     7040338     5570139      830717      830343 
  103.86784   112.12912   120.99198   119.67851    98.77676   113.72144  1882.31812   122.30602   109.75211 
     620246     3420279     1850689     4010427     5910703     2100296     5090193     2900674     2190133 
   99.14003   106.19619   103.12749   123.21207   106.72778   128.67267   114.97534   125.58232   130.11647 
    2750730     6180138     2350070     3130026     1770019     1660270     2810192     6250541     1070161 
  117.20899   111.63078   108.50525   110.91404   107.29123   200.10519   124.03294   117.52856   106.62623 
    1050632     2370424     2030110      510437     2350154     6350020     2100670     1300465     1500431 
   93.19037   117.35740   135.34303   108.95957   116.17903   121.56676   100.78089   110.24608   122.89813 
    1340669     7610725     4830301      830541     7400386     5080184     7560689     6040605     4010368 
  535.90765   127.11922   254.28804   111.99399   104.59739   127.91377    93.79778   119.07877   182.35628 
      10647     1740711      240181     7560474     6020224     5560463      730220     1450204     5900411 
  109.47600   111.76752   105.59846   123.30576 20583.85156   103.56648   108.53913   110.05595   114.07088 
    3710739     3710768      430747     4560546     6040431     5720139     6450372     7510711     6270725 
  115.36713   116.07574  1068.56250   106.93613   102.31824    93.07088   903.65332   111.82976   494.97165 
     990669     3800605     6280020     2260215     1570541     4060717     3830301     2480136     2470072 
  128.49991   105.33922   111.21467   788.75732   102.19496   118.21448    99.71875   605.77985   112.66655 
    2100360     1410392      610017     6420465     4540377     4640035     3890192      520519     5550364 
  104.74244   131.16872   111.74812   490.63220   113.77690   106.77625   165.83794   108.06274   112.97696 
    3140025     2940435     5960653     3710129     3440025      780129     6840711      520468     3170209 
  111.81384  4233.88721   142.87921   107.99024   128.24696   115.06007  3463.98315  4003.27710   110.58177 
    7200215     5490719     4570438     6220382     5960240     1110440     2650750     2320026      380341 
  256.22769   106.38686  2878.05542   526.43774   132.79353   156.60583   111.57979   113.39937   115.24809 
    2630692     6650328     4050494     6840243     1850369     2030768      670494     6900114      360630 
  237.73683    96.98664   128.62759   105.16820   107.64024   174.64597   137.31319   107.21597    96.40596 
    5900050     5700554     6450538     4490600     4060646      510040     5260630     6270706     5550114 
  113.37618   115.10538   167.20976   101.05661   134.23596   110.51658   131.26923   215.40866   101.66380 
    5910129     3840632     6580735     5290131     5050594     4120026      990390     4120692     5550433 
  131.56351   103.19789   135.57462   506.07980   111.96938   100.99977   108.63426   114.78845   139.78130 
    3360592     1820110     1170551     6480402     2690500     7550348     6860435     1070626     3830528 
  125.52729   130.06981 12738.50195   169.27994    95.87466   137.39581   100.12873   114.03977    98.90913 
    6420114     1240324     3840368     1990196      240546     1770692     5900040      540307     3180168 
  108.93726   108.03876   117.28453   132.42706   822.40479   103.38228   115.15381   115.51105   117.02716 
    4280181     4200168     3850739      730181     2260711     6420722     7560167     7330008     2190703 
  102.42007   111.92159   106.99965   120.28075   100.61108   108.08891   105.62300   120.00809   110.94401 
    2360347     5130242      540288      240112     6180327     5360392     7320341     4830167     5270487 
   95.71120   130.05470   108.03226    98.27815   101.36083   140.83574   102.64575   108.05176   105.94165 
    3800551     3400202     6620435     4670753     1850521     4560753     2060528      290450     6760133 
  265.19162   111.48427   108.44378   101.83401   114.76313    92.80742   138.70648   102.99877   312.10663 
    4900687     2600403     4230730     1660114      380523      110010     3930343     1240470     6450239 
  107.09647   109.89550   102.91230   105.46026   112.40771   111.56581 15787.56055    99.06276   125.94731 
    2760332      160390     6350280      240167     1820538      110075     2100040     1500008     3870370 
  174.76366   121.44942   103.63685   122.38081   322.89392   356.70142    98.31808   105.96377   102.25114 
    6900450      450435     5090148     5700725     4390703     3830022     5820021     6940646     5340446 
  534.86029   130.06995   117.58408   253.76096   820.08789   123.68951   115.26117    97.03564   128.56374 
    1070603     4260528      730630      780187     5910288     6650373     6020754     3710008      770411 
  117.89795   107.41314    98.75435   320.06961   104.31047   114.78574   801.40515   104.06567   145.05678 
    2360224     1050091     4070671      940639     2470465     6770280      510021     7550592     4050382 
  111.43832   105.43269   100.03152   128.08519   113.22064   100.74032   105.65089  1472.67139   249.99121 
    5700279     1450717     6350301      670192     1430093       20450      290291      520746     4490424 
  263.97577   106.22823    98.00492   171.63733  1422.35742   197.37987   107.36228   105.55435    95.33537 
    5390561     6100025     6560255      130669     5550730     4850524     4150068     4590133     2350315 
  920.87518   115.91261   119.60922   370.40207   119.06237   104.12146    96.15114   108.22247   557.46814 
    2680703     5900577     2480564     5090414       50097     1570086      510546     6100142     2710575 
  146.80826   104.65078   114.52770   558.86359    93.11108   139.73090   105.25372   106.85288  1078.77588 
    7000112      630437     6100259     4390386     1340176     4010377     5090543      240433     1990440 
  114.76912    99.38638   120.59643   108.53373   109.23392   101.66557   283.91763    92.44957   129.59499 
     940152     5820753     6840338     4070092     2810687      620673     6270328     1510397     4610328 
 1565.37659   265.74249   100.67399   108.78835   203.10564   109.70796   115.66386   110.19143   103.64571 
    6040685     3450189     5050224     6380431     5810711     5220452     1070128     4880564     4120477 
  109.44180    93.10956    97.77306   649.61938   105.27418   180.97226   118.50883   103.53896    98.33337 
    1300152      240273      610563     1510722     4730279     3170612     5340592     5490646     7150176 
  113.28389   101.90791   136.59239  1127.39380   125.50701   111.15730   110.55807   377.65222   789.97101 
    7320494     6450707      840544      520243     3290291     4280603     4220176     2230068     5090041 
  239.35445   100.90683   312.04160   154.15256   296.82083   662.03748   116.96296    98.11636   112.15722 
    2640358     2900692     1820274     5390661     5420474     6450435     1570273     5890220     6280474 
  841.95343   121.07436   193.36055   140.17447   594.62860   110.50044   125.04015   109.78492   141.94412 
    7650408     3840671     7380092     1230609     4010095     7100474     1030681     6550333     5810750 
  112.85199   103.69063    99.09982   116.07812   108.05061   108.33273   116.28471    98.89097   166.04785 
    5570520     7200639     1260605     4180279     3800575     5960609      380072     5670291      580386 
  106.14587   110.30181    97.11148   163.94630   112.35659   134.98892   102.69905   117.94856    98.83746 
    4200110      870575      150482     1660725     7160504     4570270     6840044     4490561     5820500 
  368.82919   103.53987   111.69171   112.69362   116.30137    96.86078   185.29015   106.06942   194.69824 
    1740131     7610403      650129     4390661     7160180      360551     3290437      830519     2000162 
  100.59786   120.72392   122.09241   343.05261   386.46790   115.56888   112.26207   123.40864   222.40114 
    6620253     5340273     4610162      240397      780451     5490619     1580128     4590577     6020692 
  105.00625   113.95465   116.75009   117.35915   107.53014    97.26150   109.38383   114.18823   486.68704 
    1030427     5130070     6590408     2370088     6550068     1070180     1850435     2570768     4810519 
 3164.11890   118.30474   101.42845    92.02553   105.66702   140.27626   123.18055   154.60617   107.17025 
    6200195     6020358     4260382     2360246     2140088     5960014     1410722     5290112     5360491 
  163.96161    99.29980   117.44041   170.16096   111.30420   818.53900   117.39607   110.89291   111.60161 
    4730369     2940075     5080632      290037     2710441     6420035     3170491     3060040      780100 
 4445.72119   239.40126   104.17163   120.07189   108.32970    97.02111   161.03738  2366.64893    98.03732 
    3190280     6650170     5310176     4250341     6370494      670594     6130110     6060433     4780609 
  121.02026   115.43434   112.61866   128.16743   527.15332   151.01140   103.86448   368.22443   117.37748 
     610364     7150537     2140725     6620431      610537     4780347     4590086     5090468      670136 
  100.87590    96.00581   140.46991   113.37900   114.11960   103.37849   116.96445   107.40697   159.95706 
    5340703     2370538      430431     1090056     4830239     4900575     3140221       10358     4220373 
  176.37613   484.78677   149.88385   104.06355   201.65541   595.54523   113.70097   437.95859   104.54398 
    6960670     1430164     4850546     1170730      270093      360441     2600709     3780465     2340445 
  101.10738   115.42186    97.69284    94.01377   164.00121   108.81355   122.24236   173.11304   132.01880 
    6620288     2350682     1940561     3850209     4830482     4260692     2060471     5900685     4200465 
  110.94756    95.91171   376.25909   102.13703   113.54044   114.16413   112.84649  1391.43689   121.73450 
    2140692     4890392     2120600     2630619     5080044     4850504     6900682     5900458     3450114 
  122.28180   106.54830   114.87724   360.04431   110.08857   234.05669   103.61990    99.72813    96.56660 
    4290152     3420246     5340093     6550292     7330097     2320228     6130468      580500     4250181 
  105.86058   102.57933   101.61258   125.45640   170.15808   107.50484   126.60825    91.92875   141.41071 
    1580044     2810408     4590026     7330338     2370441     5390315     3840278     5820035     7400440 
  110.22446   114.13135  1397.60608   139.21068   190.78090   108.25983   108.60748   362.28616   112.78375 
     160022     4610747     5690619       60706     7040553     4210059     3310161     3190189     4290402 
  133.31430   111.04639   104.65002   123.10256   181.98079   125.63731   145.24791   183.46991   100.99247 
    6520026     1660110     1990630       60551      510164     5720646     5910523     7210450      150343 
 9160.19141   100.84296   841.36383   128.27536   102.89800   113.83244   762.49225  1385.30347  1989.48120 
    3520228     5050709     6940086     3520300     3840372     3170075      870450     6510692      520100 
  102.29103   105.50729   104.47976   106.96074   105.02659   134.62648   102.10620    97.91644   111.07411 
    6060356     6200274     2450575     6100356     6660110     2570091      460360     7610743     3420301 
 4341.29834   108.57795   103.71500   101.61729   101.16328   339.84048   107.38076   109.69248   110.86092 
    1230730     4810451     4670561     2070259     3460682     2900068     4830743     2030072     3990474 
  291.21790   236.00690   206.02019   104.98163    93.51743   118.16456   114.43916   110.60555   109.09118 
    5390468     6660722     3800482     2940630     4850093     1400273      380612     6770482     2320711 
  101.96451   115.41917   133.00774   116.99970   112.08328   111.67362   106.62654    96.01027   100.23140 
    3870253     4610615     3120377     3440731     7650348     1090008     2850253     3930082     4290095 
   92.29578    96.03822   107.31535   102.29188   112.39897   125.05805   110.50253   176.54968   113.94685 
    3060192     5310273     1430593     5700139     4540762     3290603     4810681     5220538     6040379 
  216.24858   123.00951   107.91168   105.86314   114.82790   121.02650   113.56064   128.31757   139.92422 
    7100497      430382     4050129     1230685     6650717     3780463     1340039     4850731     1500370 
  114.35297   114.06593    92.63874   104.93725   106.62222   104.92490   263.01218   309.19882   110.94742 
    4150768     3360537     4150598     3400100     2260367     7150347      160348     1030068     1710408 
  111.59570   119.62035   103.14668   105.02166   129.01669   116.71093   103.74342   101.52036   101.52547 
    1710593      990082     3140048     7050273      110520     5130400     2360148     3420053     5670372 
  111.50755   106.14421   134.04710   111.76558   107.09693   108.60036   105.53827   113.30472   716.31445 
    6580538     4040053     5130328     5050324      150706     2120520     1010500     3840053     3930035 
   99.32542   111.73066   103.02661   110.01286   523.33801   117.31252   154.79498   335.75818  1910.55469 
    1030307 
  114.50617 
 [ reached getOption("max.print") -- omitted 47210 entries ]
