$Barcode
[1] "200729890044"

$Section
[1] "A"

$ChipType
[1] "BeadChip 12x1"

$Quants
      MeanBinData TrimmedMeanBinData   DevBinData MedianBinData BackgroundBinData BackgroundDevBinData
1       178.63336          181.56180    39.930267     170.56558                 0                    0
2       101.33285          103.00986    17.552483     104.45013                 0                    0
3       104.74252          106.62048    20.058554     103.79733                 0                    0
4       120.88596          122.96866    31.754734     115.35168                 0                    0
5       124.07416          125.99565    30.119644     127.56046                 0                    0
6       164.70250          167.42422    48.463985     152.43529                 0                    0
7        98.77982          100.03903    15.731553      92.70759                 0                    0
8       132.56743          134.31706    30.500433     128.33328                 0                    0
9       125.64458          127.69817    19.807068     127.80518                 0                    0
10      111.72438          111.72438    23.675682     117.58826                 0                    0
11      129.09337          129.66467    32.468338     119.92473                 0                    0
12      116.43015          118.29595    30.372124     109.98991                 0                    0
13      104.64602          105.96839    18.573801     100.27634                 0                    0
14      234.60179          238.07764    43.186951     230.62244                 0                    0
15      111.44743          113.54218    21.104517     107.22874                 0                    0
16      105.41769          107.59198    21.720737     103.93576                 0                    0
17      500.58762          509.30692    89.738998     486.35229                 0                    0
18      109.17364          110.82671    24.299417     106.79526                 0                    0
19      110.19941          112.90221    22.138685     100.92690                 0                    0
20      107.51438          108.63284    15.588246     101.70601                 0                    0
21      127.55709          131.04233    39.695747     117.78059                 0                    0
22       95.01147           96.69133    21.316635      90.78192                 0                    0
23      116.97538          118.34975    25.774101     110.30355                 0                    0
24      130.62361          132.63133    23.675034     130.02882                 0                    0
25      177.50302          182.89249    47.278893     166.84613                 0                    0
26      110.83070          112.03573    22.571627     108.81723                 0                    0
27      112.85111          114.52076    24.458652     111.78375                 0                    0
28      104.95972          105.97457    21.322859     101.98431                 0                    0
29      102.78194          103.63297    21.086460      97.33154                 0                    0
30      114.26791          116.02178    25.183199     108.53453                 0                    0
31      107.00883          109.47294    24.313629     107.99798                 0                    0
32      106.65044          109.00925    16.053946     107.03194                 0                    0
33      116.26842          118.75201    31.678490     111.06005                 0                    0
34      120.49281          122.52042    29.226887     120.96220                 0                    0
35      111.61150          113.52808    13.413350     114.10468                 0                    0
36      115.56825          117.20332    19.424685     111.76548                 0                    0
37      121.79234          123.58543    32.800892     114.67691                 0                    0
38      102.40693          103.42908    13.666444      98.74643                 0                    0
39      114.55706          116.43124    26.394602     104.82834                 0                    0
40      110.01478          112.05198    20.921841     112.07127                 0                    0
41      114.36098          116.20303    30.265234     106.34963                 0                    0
42      100.47374          101.69640    19.570110      97.24890                 0                    0
43      119.63542          121.86456    21.817465     115.41033                 0                    0
44      877.85431          901.05005   201.661697     863.07770                 0                    0
45      136.42081          140.04422    42.588165     138.13312                 0                    0
46      112.11582          113.71655    28.408020     109.50770                 0                    0
47      202.94327          207.96567    39.242832     193.27684                 0                    0
48      109.76118          110.91254    23.042759     103.99478                 0                    0
49     1476.08948         1504.33447   414.226288    1350.69214                 0                    0
50       98.06887          100.47905    20.131744     100.50462                 0                    0
51      324.21622          338.59335   107.974693     294.33179                 0                    0
52      123.27718          127.45337    33.456215     126.40558                 0                    0
53      106.43873          108.09258    14.529513     108.97110                 0                    0
54      119.43050          121.01859    21.652224     117.82769                 0                    0
55      115.52605          118.02000    23.651846     111.13073                 0                    0
56     1006.36761         1024.53430   381.973297     865.43781                 0                    0
57      510.55615          516.61792   110.354477     511.63208                 0                    0
58      107.71274          109.76707    17.889366     103.20025                 0                    0
59      155.78081          158.60995    32.435120     156.45343                 0                    0
60      408.54260          413.61227   102.417580     365.87598                 0                    0
61      291.69839          296.76251    58.179913     290.92242                 0                    0
62      105.92321          106.93623    16.906410     104.70415                 0                    0
63      112.04053          113.20484    25.396503     103.80170                 0                    0
64      254.01590          255.02382    51.640415     251.05099                 0                    0
65      188.66034          194.16077    41.300594     186.55017                 0                    0
66      114.34028          115.54945    17.420065     109.29060                 0                    0
67      115.65649          117.46320    27.781086     107.76804                 0                    0
68      126.27981          128.21141    23.912962     124.94991                 0                    0
69      104.07835          106.48524    16.327652     104.56485                 0                    0
70      323.07108          327.54266    58.296997     318.53577                 0                    0
71      309.12778          309.12778    11.337162     308.35413                 0                    0
72      101.18044          102.28164    14.940414     100.75092                 0                    0
73      197.31818          204.34543    54.156948     188.29253                 0                    0
74      113.16084          114.45619    28.089779     109.05543                 0                    0
75      352.38275          358.90652    77.030930     337.20374                 0                    0
76      121.29388          122.89602    20.063251     118.45311                 0                    0
77      183.83136          185.39653    16.031527     184.36374                 0                    0
78      102.65601          104.77446    20.976513      97.29683                 0                    0
79      860.54956          873.84998   196.463486     814.26624                 0                    0
80      116.00681          118.15630    21.908150     118.11713                 0                    0
81       91.57222           92.46972    15.766882      87.24471                 0                    0
82      112.24719          113.76001    23.590536     110.83589                 0                    0
83       97.71809           99.61730    25.305912      96.13313                 0                    0
84      112.02485          113.97103    28.917267     108.33095                 0                    0
85      101.03078          102.01974    14.167156      97.17997                 0                    0
86      120.65414          120.96921    26.221317     118.05116                 0                    0
87      116.41917          118.56059    29.925409     116.37886                 0                    0
88      935.24438          953.00964   234.714218     858.48804                 0                    0
89       99.85242          101.22186    15.907670      97.84640                 0                    0
90      231.03992          241.01746    76.051147     211.42012                 0                    0
91      271.99228          278.65012    94.796494     241.98941                 0                    0
92      120.79655          122.82216    24.094540     122.18372                 0                    0
93     1507.62549         1531.88074   259.139374    1492.80688                 0                    0
94      356.45786          363.09335    93.859932     336.94818                 0                    0
95      111.14552          112.56396    25.222223     105.59601                 0                    0
96      153.13295          155.87448    31.466749     154.54559                 0                    0
97      437.95859          444.27838    84.301308     430.51318                 0                    0
98       99.55035          102.62061    24.176311      93.97701                 0                    0
99      111.65504          113.49080    33.272793     103.77261                 0                    0
100     119.48225          121.00571    33.893814     113.21792                 0                    0
      CodesBinData NumBeadsBinData NumGoodBeadsBinData IllumicodeBinData
1            10008              27                  23             10008
2            10010              22                  20             10010
3            10014              18                  18             10014
4            10017              23                  22             10017
5            10019              24                  24             10019
6            10020              24                  24             10020
7            10021              22                  19             10021
8            10025              27                  27             10025
9            10026              27                  22             10026
10           10035               8                   8             10035
11           10037              38                  36             10037
12           10039              25                  23             10039
13           10040              30                  28             10040
14           10044              21                  21             10044
15           10047              15                  15             10047
16           10048              19                  18             10048
17           10050              20                  18             10050
18           10056              25                  23             10056
19           10064              15                  14             10064
20           10066              23                  20             10066
21           10068              15                  14             10068
22           10070              17                  16             10070
23           10072              24                  24             10072
24           10075              29                  27             10075
25           10079              18                  16             10079
26           10082              28                  27             10082
27           10086              30                  28             10086
28           10088              28                  28             10088
29           10091              37                  35             10091
30           10092              27                  27             10092
31           10095              18                  18             10095
32           10097              15                  13             10097
33           10100              18                  18             10100
34           10102              21                  21             10102
35           10110              16                  13             10110
36           10112              18                  17             10112
37           10113              26                  25             10113
38           10114              22                  19             10114
39           10121              22                  21             10121
40           10128              22                  21             10128
41           10129              23                  21             10129
42           10131              33                  30             10131
43           10132              19                  19             10132
44           10133              17                  17             10133
45           10136              18                  18             10136
46           10138              30                  29             10138
47           10142              12                  11             10142
48           10148              29                  26             10148
49           10152              23                  22             10152
50           10154              18                  17             10154
51           10161              19                  19             10161
52           10162              19                  17             10162
53           10164              21                  19             10164
54           10167              24                  21             10167
55           10168              16                  14             10168
56           10170              26                  26             10170
57           10176              28                  28             10176
58           10181              19                  18             10181
59           10184              25                  23             10184
60           10187              26                  26             10187
61           10189              25                  24             10189
62           10192              27                  23             10192
63           10193              27                  24             10193
64           10196              31                  30             10196
65           10201              18                  18             10201
66           10202              19                  18             10202
67           10204              23                  22             10204
68           10209              21                  21             10209
69           10215              14                  11             10215
70           10220              28                  26             10220
71           10224              12                   7             10224
72           10239              19                  18             10239
73           10240              19                  16             10240
74           10241              29                  29             10241
75           10253              21                  19             10253
76           10259              26                  23             10259
77           10278              27                  20             10278
78           10279              13                  11             10279
79           10286              21                  21             10286
80           10288              21                  19             10288
81           10289              22                  20             10289
82           10291              26                  22             10291
83           10296              22                  22             10296
84           10301              25                  22             10301
85           10309              23                  19             10309
86           10315              32                  32             10315
87           10324              28                  28             10324
88           10326              23                  22             10326
89           10328              24                  23             10328
90           10332              18                  17             10332
91           10333              20                  19             10333
92           10338              23                  21             10338
93           10341              25                  24             10341
94           10343              24                  21             10343
95           10348              24                  23             10348
96           10356              29                  27             10356
97           10358              20                  20             10358
98           10360              15                  14             10360
99           10364              26                  26             10364
100          10367              29                  28             10367
 [ getOption("max.print") est atteint -- 48224 lignes omises ]

$RunInfo
 Name       SoftwareApp              Version  Date                    
 "Decoding" "AutoDecode"             "2.6.2"  "5/20/2016 6:25:44 PM"  
 "Scan"     "iScan Control Software" "3.3.28" "10/21/2016 11:45:43 AM"
 "Register" "iScan Control Software" "3.3.28" "10/21/2016 11:45:43 AM"
 "Extract"  "iScan Control Software" "3.3.28" "10/21/2016 11:45:43 AM"
 Parameters                                                                                                                            
 "CallsToUsed=1069995|CallsToUnused=690|CallsToInvalid=18443"                                                                          
 "sherlockID=N179|ScannerID=N179|Username=illumina|FPGAVersion=4.0.20|SoftwareAppication=iScan Control Software|SoftwareVersion=3.3.28"
 "Algorithm=StandardGeneric"                                                                                                           
 "Algorithm=StandardWithBackground"                                                                                                    

