Images	Registration Score	Mean ON	Mean OFF	Separation Metric	Num ON	Signal To Noise	Cut Off	Focus Score 1
Images	Registration Score	Mean ON	Mean OFF	Separation Metric	Num ON	Signal To Noise	Cut Off	Focus Score 1
A_Swath1_Channel1	0.9704449	3604.528	143.7936	7746	43825	0.7644715	804	0.7888525	0.8454974	0.6693591	0.7293916	0.801506	0.637639	0.6638836	0.712898	0.6132526
A_Swath2_Channel1	0.9704449	3676.309	152.9971	8009	44074	0.7817988	827	0.7517056	0.9015352	0.7585649	0.7269565	0.7937461	0.6454841	0.6525531	0.6853837	0.5968706
A_Channel1	0	3928.657	163.8594	12529	72012	0.8010047	901	0.7517056	0.9015352	0.7585649	0.7269565	0.7937461	0.6454841	0.6525531	0.6853837	0.5968706
B_Swath1_Channel1	0.9703635	3477.617	143.6828	7960	44124	0.7453068	755	0.7149006	0.8340627	0.7056174	0.7080317	0.8228614	0.7488906	0.7451563	0.7581383	0.7355736
B_Swath2_Channel1	0.9703635	3730.802	157.7386	7327	43618	0.7789075	821	0.7400001	0.8234151	0.6721773	0.7621177	0.8387145	0.7313155	0.7355198	0.8118621	0.811407
B_Channel1	0	3921.439	166.7133	12268	70696	0.7958271	885	0.7400001	0.8234151	0.6721773	0.7621177	0.8387145	0.7313155	0.7355198	0.8118621	0.811407
C_Swath1_Channel1	0.9684372	3870.776	132.7831	5268	37342	0.7584139	728	0.8062083	0.6964481	0.8655528	0.7509003	0.7255956	0.7969136	0.782499	0.7485921	0.7113391
C_Swath2_Channel1	0.9684372	4034.736	144.6653	5666	37628	0.7869543	781	0.8304578	0.8931832	0.7354454	0.6815817	0.8414916	0.7487943	0.6948588	0.7428952	0.6955292
C_Channel1	0	4403.944	153.5412	8502	58891	0.8227779	891	0.8304578	0.8931832	0.7354454	0.6815817	0.8414916	0.7487943	0.6948588	0.7428952	0.6955292
D_Swath1_Channel1	0.9566857	4345.188	142.4303	4942	37173	0.7813993	818	0.7808809	0.8820748	0.7470902	0.7309351	0.8246714	0.7120778	0.6787595	0.8050675	0.7955562
D_Swath2_Channel1	0.9566857	4392.501	153.0394	5391	37165	0.813921	872	0.8169639	0.8923186	0.7257288	0.8337994	0.8393341	0.7218521	0.7354067	0.8191746	0.7689607
D_Channel1	0	4653.778	161.7305	8350	61408	0.8225792	935	0.8169639	0.8923186	0.7257288	0.8337994	0.8393341	0.7218521	0.7354067	0.8191746	0.7689607
E_Swath1_Channel1	0.9729545	3642.68	144.6105	7272	42627	0.7860947	811	0.7341045	0.8147178	0.8120313	0.7208972	0.7846507	0.6173002	0.6381703	0.619188	0.6756002
E_Swath2_Channel1	0.9729545	3863.78	161.9575	6839	42152	0.8299049	907	0.7956418	0.874314	0.8182464	0.7148384	0.7944049	0.6817291	0.7486049	0.6409964	0.6236753
E_Channel1	0	4011.592	168.3834	11333	70185	0.8343153	941	0.7956418	0.874314	0.8182464	0.7148384	0.7944049	0.6817291	0.7486049	0.6409964	0.6236753
F_Swath1_Channel1	0.9752316	4159.132	157.0519	6528	41378	0.8118356	923	0.80329	0.7628226	0.703679	0.7037759	0.8095104	0.7020581	0.6948615	0.7988744	0.7651888
F_Swath2_Channel1	0.9752316	4170.501	167.5512	6818	42006	0.830229	953	0.7987179	0.9102755	0.7275645	0.724458	0.8297743	0.7023408	0.7464561	0.8033813	0.7307436
F_Channel1	0	4439.48	178.4153	10623	68958	0.8461826	1031	0.7987179	0.9102755	0.7275645	0.724458	0.8297743	0.7023408	0.7464561	0.8033813	0.7307436
G_Swath1_Channel1	0.9695898	3782.197	139.0262	5707	39576	0.7415626	743	0.7741181	0.6770933	0.7285857	0.7030969	0.8262569	0.688476	0.7110404	0.8066877	0.8320302
G_Swath2_Channel1	0.9695898	3915.426	154.2948	6313	39524	0.7753489	812	0.7609094	0.8604316	0.7008377	0.7230266	0.7445967	0.7493861	0.7335211	0.7446928	0.8069211
G_Channel1	0	4191.009	161.3774	9401	63890	0.7932184	883	0.7609094	0.8604316	0.7008377	0.7230266	0.7445967	0.7493861	0.7335211	0.7446928	0.8069211
H_Swath1_Channel1	0.9648262	3446.831	122.7347	5406	36319	0.710434	641	0.8161318	0.6728903	0.7624859	0.7013668	0.7932194	0.6626193	0.6511097	0.638149	0.6249865
H_Swath2_Channel1	0.9648262	3392.7	133.4496	5904	39196	0.7131863	637	0.8109998	0.8978314	0.7520619	0.7446409	0.7681334	0.7740118	0.6536849	0.6717423	0.7297778
H_Channel1	0	3641.377	140.0583	9131	62633	0.7332749	696	0.8109998	0.8978314	0.7520619	0.7446409	0.7681334	0.7740118	0.6536849	0.6717423	0.7297778
I_Swath1_Channel1	0.9728914	3744.342	155.8703	7840	44527	0.7441106	824	0.7543035	0.7912495	0.7223964	0.7181169	0.7925872	0.673669	0.7205849	0.8022845	0.8200049
I_Swath2_Channel1	0.9728914	3863.13	170.6945	7971	44457	0.779409	884	0.8640789	0.895989	0.7848637	0.8123093	0.8182234	0.6861156	0.7121891	0.8254483	0.8129419
I_Channel1	0	4139.177	180.8861	12262	71863	0.7936577	959	0.8640789	0.895989	0.7848637	0.8123093	0.8182234	0.6861156	0.7121891	0.8254483	0.8129419
J_Swath1_Channel1	0.9729149	3325.215	133.4802	6956	42643	0.7234886	680	0.745246	0.7108156	0.7356492	0.6459327	0.7671071	0.6220497	0.7126012	0.7055664	0.6252618
J_Swath2_Channel1	0.9729149	3353.041	145.1295	7685	42895	0.7563605	715	0.854534	0.8983851	0.7985104	0.6822339	0.7669191	0.6408715	0.656297	0.7103815	0.6988614
J_Channel1	0	3680	154.1406	10996	68020	0.7798332	797	0.854534	0.8983851	0.7985104	0.6822339	0.7669191	0.6408715	0.656297	0.7103815	0.6988614
K_Swath1_Channel1	0.965666	3619.833	128.0282	5369	37574	0.7337419	671	0.7627798	0.8520951	0.6534716	0.526157	0.7762972	0.7164752	0.6890563	0.7316113	0.7194973
K_Swath2_Channel1	0.965666	3596.002	137.2318	5373	38870	0.7643657	695	0.735634	0.8778028	0.7249559	0.616203	0.7909303	0.6721872	0.6424318	0.6472408	0.6027977
K_Channel1	0	3891.969	145.8807	8759	62320	0.7803612	767	0.735634	0.8778028	0.7249559	0.616203	0.7909303	0.6721872	0.6424318	0.6472408	0.6027977
L_Swath1_Channel1	0.9688249	3750.623	129.811	5265	36722	0.7485349	673	0.7818952	0.8652027	0.701143	0.8145663	0.7326647	0.7846935	0.6872271	0.6558455	0.7526151
L_Swath2_Channel1	0.9688249	3656.505	137.8004	5508	37763	0.7738611	689	0.8233972	0.8733009	0.7038783	0.6994958	0.8032027	0.7900308	0.7482576	0.6569113	0.6261288
L_Channel1	0	4075.242	147.9181	8129	59644	0.8033836	790	0.8233972	0.8733009	0.7038783	0.6994958	0.8032027	0.7900308	0.7482576	0.6569113	0.6261288
Serial Number: 200796240064   Descriptor: BeadChip 12x1   ScanSetting Name: Direct Hyb
Serial Number: 200796240064   ScanSetting Path: C:\Program Files (x86)\Illumina\iScan Control Software\Scan Settings\iScanPlus\Direct Hyb.scst
<?xml version="1.0"?>
<ScanSettings xmlns:xsi="http://www.w3.org/2001/XMLSchema-instance" xmlns:xsd="http://www.w3.org/2001/XMLSchema">
  <Version>16</Version>
  <Assay />
  <ScanSettingType>System</ScanSettingType>
  <ArrayType>BeadChip</ArrayType>
  <SaveImages>true</SaveImages>
  <ImageFormat>Jpeg</ImageFormat>
  <JpegQuality>5</JpegQuality>
  <EnableAnalysis>true</EnableAnalysis>
  <ExtractionMethod>Avg_6x6_PreSharp</ExtractionMethod>
  <BackgroundMethod>BOX_17x17</BackgroundMethod>
  <Channels>
    <string>Grn</string>
  </Channels>
  <RegistrationQuality>
    <CheckMinimum>true</CheckMinimum>
    <CheckMaximum>true</CheckMaximum>
    <Minimum>0.75</Minimum>
    <Maximum>100</Maximum>
  </RegistrationQuality>
  <Saturation>
    <CheckMinimum>true</CheckMinimum>
    <CheckMaximum>true</CheckMaximum>
    <Minimum>0</Minimum>
    <Maximum>1000</Maximum>
  </Saturation>
  <FocusQuality>
    <CheckMinimum>true</CheckMinimum>
    <CheckMaximum>true</CheckMaximum>
    <Minimum>-100</Minimum>
    <Maximum>100</Maximum>
  </FocusQuality>
  <Percentile05BeadIntensity>
    <CheckMinimum>true</CheckMinimum>
    <CheckMaximum>true</CheckMaximum>
    <Minimum>-1000</Minimum>
    <Maximum>50000</Maximum>
  </Percentile05BeadIntensity>
   <Percentile95BeadIntensity>
    <CheckMinimum>true</CheckMinimum>
    <CheckMaximum>true</CheckMaximum>
    <Minimum>-1000</Minimum>
    <Maximum>90000</Maximum>
  </Percentile95BeadIntensity>
  <ExportBeadData>false</ExportBeadData>
  <IncludeXYInBeadData>false</IncludeXYInBeadData>
  <ExportBeadTypeData>false</ExportBeadTypeData>
  <IncludeOutliers>false</IncludeOutliers>
  <Resolution>HighRes1x1</Resolution>
  <ScanVelocity>1.5</ScanVelocity>
  <PerformRegistrationRetry>false</PerformRegistrationRetry>
  <RegSupportDLL>RegSupport1.6.2.44</RegSupportDLL>
  <BeadSize>3</BeadSize>
  <OutlierRemovalLowRepHighVariance>false</OutlierRemovalLowRepHighVariance>
  <OutlierRemovalLowerMinBeadThreshold>false</OutlierRemovalLowerMinBeadThreshold>
  <CorrectCrossTalk>true</CorrectCrossTalk>
  <FixTapBoundaries>false</FixTapBoundaries>
</ScanSettings>

